{
 "cells": [
  {
   "cell_type": "code",
   "execution_count": 56,
   "metadata": {},
   "outputs": [],
   "source": [
    "from qutip import *\n",
    "import numpy as np\n",
    "from scipy import integrate\n",
    "from helper_code_qutip import * \n",
    "import scipy.io"
   ]
  },
  {
   "cell_type": "code",
   "execution_count": 76,
   "metadata": {},
   "outputs": [],
   "source": [
    "matlab_data1 = scipy.io.loadmat('../matlab/data_plotting_vs_e/data_2_4_1.mat',mat_dtype=False)\n",
    "matlab_data2 = scipy.io.loadmat('../matlab/data_plotting_vs_e/data_2_4_2.mat',mat_dtype=False)  # is set to True, givex complex casting to real errors.."
   ]
  },
  {
   "cell_type": "code",
   "execution_count": 60,
   "metadata": {},
   "outputs": [
    {
     "name": "stdout",
     "output_type": "stream",
     "text": [
      "NL and NM are  2 4 respectively\n",
      "(1, 14)\n",
      "(1, 14)\n",
      "[2.5        1.42857143 1.        ]\n",
      "[10]\n",
      "[0.         0.00263158 0.00789474 0.01052632 0.01315789 0.01578947\n",
      " 0.02368421 0.02631579 0.03157895 0.03421053 0.03684211 0.03947368\n",
      " 0.04736842 0.05      ]\n"
     ]
    }
   ],
   "source": [
    "betalist1 = matlab_data1['betalist'][0]\n",
    "betalist2 = matlab_data2['betalist'][0]\n",
    "\n",
    "deltalist = matlab_data1['deltalist'][0]\n",
    "\n",
    "super_gamma_matrices1 = matlab_data1['super_gamma_matrices'][0]\n",
    "super_ls_matrices1 = matlab_data1['super_lamb_shift_matrices'][0]\n",
    "\n",
    "super_gamma_matrices2 = matlab_data2['super_gamma_matrices'][0]\n",
    "super_ls_matrices2 = matlab_data2['super_lamb_shift_matrices'][0]\n",
    "\n",
    "NL1 = int(matlab_data1[\"NL\"][0,0])\n",
    "NL2 = int(matlab_data2[\"NL\"][0,0])\n",
    "NM = int(matlab_data2[\"NM\"][0,0])\n",
    "\n",
    "print('NL and NM are ', NL1, NM, 'respectively')\n",
    "\n",
    "N = NL1 + NM\n",
    "dL1 = 2**NL1\n",
    "dL2 = 2**NL2\n",
    "dM = 2**NM\n",
    "d = 2**N\n",
    "dims = [2]*N\n",
    "\n",
    "print(super_gamma_matrices1[0].shape)\n",
    "print(super_gamma_matrices2[0].shape)\n",
    "\n",
    "print(betalist1)\n",
    "print(betalist2)\n",
    "\n",
    "print(deltalist)"
   ]
  },
  {
   "cell_type": "code",
   "execution_count": 61,
   "metadata": {},
   "outputs": [
    {
     "name": "stdout",
     "output_type": "stream",
     "text": [
      "<Compressed Sparse Column sparse matrix of dtype 'complex128'\n",
      "\twith 171 stored elements and shape (15, 15)>\n",
      "  Coords\tValues\n",
      "  (0, 0)\t(2.583173946888294e-09+0j)\n",
      "  (1, 0)\t(-1.374735837088827e-16-3.31807746069739e-38j)\n",
      "  (2, 0)\t(-1.4196178222245675e-17+6.222080473756661e-39j)\n",
      "  (3, 0)\t(-3.720469111043328e-06+5.2266299194199075e-34j)\n",
      "  (4, 0)\t(1.803534438289564e-19-3.548832081414686e-38j)\n",
      "  (6, 0)\t(-3.7119450736323163e-09+6.4909902656319176e-37j)\n",
      "  (7, 0)\t(-1.370681006352841e-13-1.8732420835314731e-35j)\n",
      "  (8, 0)\t(-2.577573502373275e-20+5.915721596993648e-40j)\n",
      "  (9, 0)\t(3.717301986192586e-09-6.079050668178228e-37j)\n",
      "  (11, 0)\t(1.4342894907756318e-14+3.907829950262921e-37j)\n",
      "  (12, 0)\t(-2.2041848843434517e-09-2.7181714987709926e-39j)\n",
      "  (13, 0)\t(1.6499997175678437e-19+1.4564745913576067e-38j)\n",
      "  (14, 0)\t(-1.454780251242207e-19-1.0670557099395901e-38j)\n",
      "  (0, 1)\t(-1.374735837088827e-16+3.31807746069739e-38j)\n",
      "  (1, 1)\t(1.6525974521258898e-08+0j)\n",
      "  (2, 1)\t(-3.479115097518399e-18+1.9537643075205763e-38j)\n",
      "  (3, 1)\t(3.667746651684853e-11-5.5121281098758706e-33j)\n",
      "  (4, 1)\t(-1.8761378864698264e-11+4.0066105058178603e-38j)\n",
      "  (6, 1)\t(3.6678252518842836e-14-5.454293787815414e-36j)\n",
      "  (7, 1)\t(7.215042556244139e-06+1.6014935035602845e-33j)\n",
      "  (8, 1)\t(-6.0967789524799976e-21+6.559103124035415e-38j)\n",
      "  (9, 1)\t(-3.667640863785628e-14+5.5950776034256146e-36j)\n",
      "  (11, 1)\t(3.562670042126907e-15-2.0922513747690506e-35j)\n",
      "  (12, 1)\t(1.3518705713830241e-16-9.869804710135985e-39j)\n",
      "  (13, 1)\t(-7.894707168485327e-09+1.1887242674628955e-36j)\n",
      "  :\t:\n",
      "  (1, 13)\t(-7.894707168485327e-09-1.1887242674628955e-36j)\n",
      "  (2, 13)\t(-2.090658502430941e-20-2.263814484698314e-38j)\n",
      "  (3, 13)\t(-4.4018730760568503e-14-4.3797909321180695e-35j)\n",
      "  (4, 13)\t(1.2317997522408095e-11-1.1115646485944921e-37j)\n",
      "  (6, 13)\t(-4.4016332439500734e-17-1.0362191843491668e-37j)\n",
      "  (7, 13)\t(1.3716175274938846e-08-1.102397107053617e-33j)\n",
      "  (8, 13)\t(-2.831549919729442e-23-6.657370580144658e-38j)\n",
      "  (9, 13)\t(4.4020215644295793e-17-4.6504723979731985e-38j)\n",
      "  (11, 13)\t(2.1385347080902502e-17-1.855880582982805e-37j)\n",
      "  (12, 13)\t(-1.6217649687486368e-19-7.588569282929185e-39j)\n",
      "  (13, 13)\t(9.313025307962532e-09+0j)\n",
      "  (14, 13)\t(-5.148229315218838e-22-2.7388882952675707e-39j)\n",
      "  (0, 14)\t(-1.454780251242207e-19+1.0670557099395901e-38j)\n",
      "  (1, 14)\t(-8.538460716424958e-20-2.2473800563087124e-38j)\n",
      "  (2, 14)\t(-6.698086281693967e-10-2.314534314458735e-37j)\n",
      "  (3, 14)\t(3.8803556649874796e-14+6.232438905636113e-36j)\n",
      "  (4, 14)\t(1.9675144279614237e-22-1.888600565813158e-38j)\n",
      "  (6, 14)\t(3.8808617850354167e-17+4.2435084190027566e-38j)\n",
      "  (7, 14)\t(-8.569666090684341e-17-1.850531165331602e-36j)\n",
      "  (8, 14)\t(-2.4727117613152957e-12+3.0351945371072104e-38j)\n",
      "  (9, 14)\t(-3.879838297546632e-17+3.3432077868372054e-38j)\n",
      "  (11, 14)\t(-1.158781087061907e-08+2.4765802877133913e-34j)\n",
      "  (12, 14)\t(1.429752989814289e-19+9.650215635582429e-39j)\n",
      "  (13, 14)\t(-5.148229315218838e-22+2.7388882952675707e-39j)\n",
      "  (14, 14)\t(7.958119904550766e-10+0j)\n"
     ]
    }
   ],
   "source": [
    "print(super_gamma_matrices1[0][0][0])"
   ]
  },
  {
   "cell_type": "code",
   "execution_count": 96,
   "metadata": {},
   "outputs": [],
   "source": [
    "def matrix_transform(dL,gamma_matrix,ls_matrix):\n",
    "    gamma_matr = np.zeros((dL**2-1,dL**2-1), dtype = complex)\n",
    "    ls_matr = np.zeros((dL,dL), dtype = complex)\n",
    "\n",
    "    for i in range(dL**2-1):\n",
    "        for j in range(dL**2-1):\n",
    "            gamma_matr[i,j] = gamma_matrix[i,j]\n",
    "\n",
    "    for i in range(dL):\n",
    "        for j in range(dL):\n",
    "            ls_matr[i,j] = ls_matrix[i,j]\n",
    "\n",
    "    return gamma_matr, ls_matr\n",
    "\n",
    "\n",
    "fin_gamma_matrices1 = [0]*len(betalist1)\n",
    "fin_ls_matrices1 = [0]*len(betalist1)\n",
    "\n",
    "fin_gamma_matrices2 = [0]*len(betalist2)\n",
    "fin_ls_matrices2 = [0]*len(betalist2)\n",
    "\n",
    "for i in range(len(betalist1)):\n",
    "    temp_list1 = [0]*len(deltalist)\n",
    "    temp_list2 = [0]*len(deltalist)\n",
    "    for j in range(len(deltalist)):\n",
    "        temp_list1[j], temp_list2[j] = matrix_transform(dL1,super_gamma_matrices1[i][0][j],super_ls_matrices1[i][0][j])\n",
    "    fin_gamma_matrices1[i], fin_ls_matrices1[i] = temp_list1, temp_list2\n",
    "\n",
    "for i in range(len(betalist2)):\n",
    "    temp_list1 = [0]*len(deltalist)\n",
    "    temp_list2 = [0]*len(deltalist)\n",
    "    for j in range(len(deltalist)):\n",
    "        temp_list1[j], temp_list2[j] = matrix_transform(dL2,super_gamma_matrices2[i][0][j],super_ls_matrices2[i][0][j])\n",
    "    fin_gamma_matrices2[i], fin_ls_matrices2[i] = temp_list1, temp_list2"
   ]
  },
  {
   "cell_type": "code",
   "execution_count": 98,
   "metadata": {},
   "outputs": [
    {
     "name": "stdout",
     "output_type": "stream",
     "text": [
      "[[ 1.47038060e-09+0.00000000e+00j -3.72119835e-11+2.50843047e-09j\n",
      "  -1.72557080e-10+6.67228842e-11j  2.31350938e-10+2.13516399e-09j]\n",
      " [-3.72119835e-11-2.50843047e-09j -1.44848400e-09+0.00000000e+00j\n",
      "   1.04310902e-09-9.95222887e-10j -2.19087395e-09-2.08598223e-09j]\n",
      " [-1.72557080e-10-6.67228842e-11j  1.04310902e-09+9.95222887e-10j\n",
      "   1.12885346e-09+0.00000000e+00j  1.17561472e-09-3.43108271e-10j]\n",
      " [ 2.31350938e-10-2.13516399e-09j -2.19087395e-09+2.08598223e-09j\n",
      "   1.17561472e-09+3.43108271e-10j  4.11796101e-10+0.00000000e+00j]]\n"
     ]
    }
   ],
   "source": [
    "print(fin_ls_matrices2[0][12])"
   ]
  },
  {
   "cell_type": "code",
   "execution_count": 46,
   "metadata": {},
   "outputs": [],
   "source": [
    "matlab_data3 = scipy.io.loadmat('../matlab/thermal_data_new_1.mat',mat_dtype=False)  # is set to True, givex complex casting to real errors..\n",
    "#matlab_data4 = scipy.io.loadmat('../matlab/thermal_data3.mat',mat_dtype=False)  # is set to True, givex complex casting to real errors.."
   ]
  },
  {
   "cell_type": "code",
   "execution_count": 74,
   "metadata": {},
   "outputs": [
    {
     "name": "stdout",
     "output_type": "stream",
     "text": [
      "Quantum object: dims=[[64], [64]], shape=(64, 64), type='oper', dtype=Dense, isherm=True\n",
      "Qobj data =\n",
      "[[0.125 0.    0.    ... 0.    0.    0.   ]\n",
      " [0.    0.125 0.    ... 0.    0.    0.   ]\n",
      " [0.    0.    0.125 ... 0.    0.    0.   ]\n",
      " ...\n",
      " [0.    0.    0.    ... 0.125 0.    0.   ]\n",
      " [0.    0.    0.    ... 0.    0.125 0.   ]\n",
      " [0.    0.    0.    ... 0.    0.    0.125]]\n"
     ]
    }
   ],
   "source": [
    "matlab_F_list1 = matlab_data3[\"F1\"]\n",
    "F_list1 = []\n",
    "\n",
    "matlab_F_list2 = matlab_data3[\"F2\"]\n",
    "F_list2 = []\n",
    "\n",
    "\n",
    "for index in range(2**dL1):\n",
    "    matrix1 = np.asmatrix(matlab_F_list1[0,index])\n",
    "    matrix2 = np.asmatrix(matlab_F_list2[0,index])\n",
    "\n",
    "    F_list1.append(Qobj(matrix1))\n",
    "    F_list2.append(Qobj(matrix2))\n",
    "    \n",
    "if not basis_is_orthonormal(F_list1):\n",
    "    print(\"WARNING : Basis 1 is NOT orthonormal\")\n",
    "\n",
    "if not basis_is_orthonormal(F_list2):\n",
    "    print(\"WARNING : Basis 2 is NOT orthonormal\")\n",
    "\n",
    "F_list1.pop() #removes the last indentity basis ..\n",
    "print(F_list2[-1]) # should be identity matrix\n",
    "F_list2.pop()\n",
    "\n",
    "for index in range(2**dL1-1):\n",
    "    F_list1[index].dims = [dims,dims] # makes sure mutliplication will work and QuTiP wont throw errors. \n",
    "    F_list2[index].dims = [dims,dims]"
   ]
  },
  {
   "cell_type": "code",
   "execution_count": 77,
   "metadata": {},
   "outputs": [
    {
     "name": "stdout",
     "output_type": "stream",
     "text": [
      "w0list is  [1.   1.   1.   1.05 1.05 1.05]\n",
      "glist is [0.0016 0.0016 0.0016 0.0016 0.0016]\n"
     ]
    }
   ],
   "source": [
    "w0list = matlab_data2[\"w0list2\"][:,0]\n",
    "w0list = w0list.astype('float')\n",
    "print('w0list is ', w0list)\n",
    "\n",
    "glist = matlab_data1[\"glist\"][:,0]\n",
    "glist = glist.astype('float')\n",
    "\n",
    "print('glist is', glist)\n"
   ]
  },
  {
   "cell_type": "code",
   "execution_count": 75,
   "metadata": {},
   "outputs": [],
   "source": [
    "p_c= 1.1e-2\n",
    "p_h= 1e-3"
   ]
  },
  {
   "cell_type": "code",
   "execution_count": 87,
   "metadata": {},
   "outputs": [],
   "source": [
    "def steady_state_calc(H_S,beta1, delta, gamma_matrix1, gamma_matrix2, ls_matrix1, ls_matrix2):\n",
    "\n",
    "    \n",
    "    [D1,U1] = np.linalg.eigh(gamma_matrix1)\n",
    "    [D2,U2] = np.linalg.eigh(gamma_matrix2)\n",
    "\n",
    "    L_list1 = []\n",
    "    Udagger1 = np.transpose(np.conj(U1))\n",
    "    L_list2 = []\n",
    "    Udagger2 = np.transpose(np.conj(U2))\n",
    "\n",
    "    for j  in range(dL1**2-1):\n",
    "        op1 = 0\n",
    "        op2 = 0\n",
    "        for betaindex in range(dL1**2-1):    \n",
    "            op1 = op1+Udagger1[j,betaindex]* F_list1[betaindex]\n",
    "            op2 = op2+Udagger2[j,betaindex]* F_list2[betaindex]\n",
    "        L_list1.append(op1)\n",
    "        L_list2.append(op2)\n",
    "\n",
    "    tildeL_list1 = []\n",
    "    tildeL_list2 = []\n",
    "\n",
    "    for index in range(dL1**2-1):\n",
    "        tildeL_list1.append(np.sqrt(p_h*D1[index])*L_list1[index])\n",
    "        tildeL_list2.append(np.sqrt(p_c*D2[index])*L_list2[index])\n",
    "\n",
    "    tildeL_list = []\n",
    "    for i in tildeL_list1:\n",
    "        tildeL_list.append(i)\n",
    "\n",
    "    for i in tildeL_list2:\n",
    "        tildeL_list.append(i)\n",
    "\n",
    "    H_LS1 = tensor(Qobj(ls_matrix1),qeye(dM))\n",
    "    H_LS2 = tensor(qeye(dM),Qobj(ls_matrix2))\n",
    "    H_LS1.dims = [dims,dims]\n",
    "    H_LS2.dims = [dims,dims]\n",
    "    \n",
    "    L_operator = liouvillian(H_S+H_LS1+H_LS2, tildeL_list)\n",
    "    rho_ss = steadystate(L_operator)\n",
    "\n",
    "    L_eigen = L_operator.eigenenergies()\n",
    "\n",
    "    print(\"Smallest eigenvalues for Th = \", 1/beta1, \"and e = \", delta, \"are \",L_eigen[-3:])\n",
    "\n",
    "    return rho_ss"
   ]
  },
  {
   "cell_type": "code",
   "execution_count": 86,
   "metadata": {},
   "outputs": [
    {
     "name": "stdout",
     "output_type": "stream",
     "text": [
      "2.5\n",
      "0.00789474\n"
     ]
    }
   ],
   "source": [
    "print(betalist1[0])\n",
    "print(deltalist[2])"
   ]
  },
  {
   "cell_type": "code",
   "execution_count": 100,
   "metadata": {},
   "outputs": [
    {
     "name": "stdout",
     "output_type": "stream",
     "text": [
      "[[ 6.34076869e-02+0.00000000e+00j -1.09769012e-12+7.43352911e-31j\n",
      "   1.48301515e-15-2.36565135e-31j -6.34075321e-02-2.16968045e-33j\n",
      "   4.49747567e-11-2.52384327e-31j  0.00000000e+00+0.00000000e+00j\n",
      "  -2.43634628e-04+8.49665184e-32j -4.49456491e-11+1.76581727e-31j\n",
      "  -6.62855571e-15+1.21071510e-34j  4.23204357e-04-1.31234258e-31j\n",
      "   0.00000000e+00+0.00000000e+00j  6.61928442e-15+1.64459429e-33j\n",
      "   2.19331637e-02-2.43390841e-29j  1.10085558e-11-2.41176503e-29j\n",
      "   3.71919610e-16-1.56336235e-31j]\n",
      " [-1.09769012e-12-7.43352911e-31j  1.84091556e-02+0.00000000e+00j\n",
      "   1.37582176e-22-9.96300111e-32j  1.09750862e-12+7.42207509e-31j\n",
      "  -2.22235937e-04-1.55497145e-28j  0.00000000e+00+0.00000000e+00j\n",
      "   1.74300240e-14+2.68931126e-32j  2.00619743e-04+1.55518888e-28j\n",
      "   2.41195977e-24+1.49915570e-33j -3.03427337e-14-4.81977369e-32j\n",
      "   0.00000000e+00+0.00000000e+00j -1.25725984e-24-7.28576725e-34j\n",
      "  -4.98165194e-12-8.87939769e-30j -2.73303953e-02-3.34967366e-30j\n",
      "   1.66684448e-22-7.37398891e-32j]\n",
      " [ 1.48301515e-15+2.36565135e-31j  1.37582176e-22+9.96300111e-32j\n",
      "   8.79026094e-06+0.00000000e+00j -1.48304435e-15-2.36633219e-31j\n",
      "   8.38382071e-20-1.58234793e-32j  0.00000000e+00+0.00000000e+00j\n",
      "  -6.58535368e-18-1.84753035e-33j -8.38039964e-20+1.26363395e-32j\n",
      "  -3.06053645e-08+3.50566004e-32j  1.15091959e-17+3.07344753e-33j\n",
      "   0.00000000e+00+0.00000000e+00j -3.56013951e-08-3.50555449e-32j\n",
      "   8.27669594e-16+3.94976634e-31j  1.69872214e-20-1.19353038e-30j\n",
      "   3.92823105e-06-2.31634101e-34j]\n",
      " [-6.34075321e-02+2.16968045e-33j  1.09750862e-12-7.42207509e-31j\n",
      "  -1.48304435e-15+2.36633219e-31j  6.34095450e-02+0.00000000e+00j\n",
      "  -4.49752999e-11+2.52010590e-31j  0.00000000e+00+0.00000000e+00j\n",
      "   2.43651166e-04-8.51050857e-32j  4.49461993e-11-1.76484325e-31j\n",
      "   6.62863152e-15-1.36989908e-34j -4.23249184e-04+1.31166362e-31j\n",
      "   0.00000000e+00+0.00000000e+00j -6.61936002e-15-1.63520815e-33j\n",
      "  -2.19343441e-02+2.43404082e-29j -1.10059653e-11+2.40993901e-29j\n",
      "  -3.71931031e-16+1.56451621e-31j]\n",
      " [ 4.49747567e-11+2.52384327e-31j -2.22235937e-04+1.55497145e-28j\n",
      "   8.38382071e-20+1.58234793e-32j -4.49752999e-11-2.52010590e-31j\n",
      "   6.86708484e-02+0.00000000e+00j  0.00000000e+00+0.00000000e+00j\n",
      "  -3.27094755e-13-5.39531483e-33j -6.86616009e-02-4.57176016e-30j\n",
      "  -5.63476904e-22+2.94961150e-35j  5.64842937e-13+9.79217210e-33j\n",
      "   0.00000000e+00+0.00000000e+00j -1.23310389e-22-1.36639555e-34j\n",
      "   6.98724977e-11+1.69659777e-30j  1.59203338e-03-1.73360765e-27j\n",
      "   5.41509338e-20+1.06801170e-32j]\n",
      " [ 0.00000000e+00+0.00000000e+00j  0.00000000e+00+0.00000000e+00j\n",
      "   0.00000000e+00+0.00000000e+00j  0.00000000e+00+0.00000000e+00j\n",
      "   0.00000000e+00+0.00000000e+00j  1.37319328e-01+0.00000000e+00j\n",
      "   0.00000000e+00+0.00000000e+00j  0.00000000e+00+0.00000000e+00j\n",
      "   0.00000000e+00+0.00000000e+00j  0.00000000e+00+0.00000000e+00j\n",
      "   0.00000000e+00+0.00000000e+00j  0.00000000e+00+0.00000000e+00j\n",
      "   0.00000000e+00+0.00000000e+00j  0.00000000e+00+0.00000000e+00j\n",
      "   0.00000000e+00+0.00000000e+00j]\n",
      " [-2.43634628e-04-8.49665184e-32j  1.74300240e-14-2.68931126e-32j\n",
      "  -6.58535368e-18+1.84753035e-33j  2.43651166e-04+8.51050857e-32j\n",
      "  -3.27094755e-13+5.39531483e-33j  0.00000000e+00+0.00000000e+00j\n",
      "   6.74031552e-06+0.00000000e+00j  3.26554261e-13-4.27875242e-33j\n",
      "   2.01648363e-17+2.70363701e-36j -2.73034966e-06-1.06955292e-34j\n",
      "   0.00000000e+00+0.00000000e+00j -2.01180822e-17-1.93346321e-35j\n",
      "  -3.08129591e-04+5.34189772e-32j -2.01956616e-13+4.12790170e-31j\n",
      "  -2.73911877e-18+1.24315287e-33j]\n",
      " [-4.49456491e-11-1.76581727e-31j  2.00619743e-04-1.55518888e-28j\n",
      "  -8.38039964e-20-1.26363395e-32j  4.49461993e-11+1.76484325e-31j\n",
      "  -6.86616009e-02+4.57176016e-30j  0.00000000e+00+0.00000000e+00j\n",
      "   3.26554261e-13+4.27875242e-33j  6.86667821e-02+0.00000000e+00j\n",
      "   5.63672224e-22+3.15502684e-35j -5.63913323e-13-7.58828182e-33j\n",
      "   0.00000000e+00+0.00000000e+00j  1.23723821e-22+5.39822133e-35j\n",
      "  -6.97137799e-11-1.34403748e-30j -2.23507490e-04+1.73359228e-27j\n",
      "  -5.41267374e-20-8.72785601e-33j]\n",
      " [-6.62855571e-15-1.21071510e-34j  2.41195977e-24-1.49915570e-33j\n",
      "  -3.06053645e-08-3.50566004e-32j  6.62863152e-15+1.36989908e-34j\n",
      "  -5.63476904e-22-2.94961150e-35j  0.00000000e+00+0.00000000e+00j\n",
      "   2.01648363e-17-2.70363701e-36j  5.63672224e-22-3.15502684e-35j\n",
      "   5.69615407e-06+0.00000000e+00j -3.58811826e-17+3.00235951e-35j\n",
      "   0.00000000e+00+0.00000000e+00j -5.69546730e-06+1.82346308e-34j\n",
      "  -5.98845655e-16+4.86196218e-33j -1.19735517e-22-1.63073628e-32j\n",
      "  -6.98760720e-08-5.99782143e-34j]\n",
      " [ 4.23204357e-04+1.31234258e-31j -3.03427337e-14+4.81977369e-32j\n",
      "   1.15091959e-17-3.07344753e-33j -4.23249184e-04-1.31166362e-31j\n",
      "   5.64842937e-13-9.79217210e-33j  0.00000000e+00+0.00000000e+00j\n",
      "  -2.73034966e-06+1.06955292e-34j -5.63913323e-13+7.58828182e-33j\n",
      "  -3.58811826e-17-3.00235951e-35j  8.48477368e-06+0.00000000e+00j\n",
      "   0.00000000e+00+0.00000000e+00j  3.58000933e-17+5.02193227e-35j\n",
      "   5.34416626e-04-1.19672472e-31j  3.48715388e-13-7.37354316e-31j\n",
      "   4.70486658e-18-1.94193430e-33j]\n",
      " [ 0.00000000e+00+0.00000000e+00j  0.00000000e+00+0.00000000e+00j\n",
      "   0.00000000e+00+0.00000000e+00j  0.00000000e+00+0.00000000e+00j\n",
      "   0.00000000e+00+0.00000000e+00j  0.00000000e+00+0.00000000e+00j\n",
      "   0.00000000e+00+0.00000000e+00j  0.00000000e+00+0.00000000e+00j\n",
      "   0.00000000e+00+0.00000000e+00j  0.00000000e+00+0.00000000e+00j\n",
      "   5.18908315e-10+0.00000000e+00j  0.00000000e+00+0.00000000e+00j\n",
      "   0.00000000e+00+0.00000000e+00j  0.00000000e+00+0.00000000e+00j\n",
      "   0.00000000e+00+0.00000000e+00j]\n",
      " [ 6.61928442e-15-1.64459429e-33j -1.25725984e-24+7.28576725e-34j\n",
      "  -3.56013951e-08+3.50555449e-32j -6.61936002e-15+1.63520815e-33j\n",
      "  -1.23310389e-22+1.36639555e-34j  0.00000000e+00+0.00000000e+00j\n",
      "  -2.01180822e-17+1.93346321e-35j  1.23723821e-22-5.39822133e-35j\n",
      "  -5.69546730e-06-1.82346308e-34j  3.58000933e-17-5.02193227e-35j\n",
      "   0.00000000e+00+0.00000000e+00j  5.69568291e-06+0.00000000e+00j\n",
      "   5.91833111e-16-7.81257937e-33j -1.65399111e-23+2.51255717e-32j\n",
      "   2.77819997e-08+6.02315046e-34j]\n",
      " [ 2.19331637e-02+2.43390841e-29j -4.98165194e-12+8.87939769e-30j\n",
      "   8.27669594e-16-3.94976634e-31j -2.19343441e-02-2.43404082e-29j\n",
      "   6.98724977e-11-1.69659777e-30j  0.00000000e+00+0.00000000e+00j\n",
      "  -3.08129591e-04-5.34189772e-32j -6.97137799e-11+1.34403748e-30j\n",
      "  -5.98845655e-16-4.86196218e-33j  5.34416626e-04+1.19672472e-31j\n",
      "   0.00000000e+00+0.00000000e+00j  5.91833111e-16+7.81257937e-33j\n",
      "   8.55015985e-02+0.00000000e+00j  5.93746706e-11-1.23793818e-28j\n",
      "   5.70612189e-16-2.49715625e-31j]\n",
      " [ 1.10085558e-11+2.41176503e-29j -2.73303953e-02+3.34967366e-30j\n",
      "   1.69872214e-20+1.19353038e-30j -1.10059653e-11-2.40993901e-29j\n",
      "   1.59203338e-03+1.73360765e-27j  0.00000000e+00+0.00000000e+00j\n",
      "  -2.01956616e-13-4.12790170e-31j -2.23507490e-04-1.73359228e-27j\n",
      "  -1.19735517e-22+1.63073628e-32j  3.48715388e-13+7.37354316e-31j\n",
      "   0.00000000e+00+0.00000000e+00j -1.65399111e-23-2.51255717e-32j\n",
      "   5.93746706e-11+1.23793818e-28j  4.94575487e-01+0.00000000e+00j\n",
      "   1.14456841e-20+7.56770098e-31j]\n",
      " [ 3.71919610e-16+1.56336235e-31j  1.66684448e-22+7.37398891e-32j\n",
      "   3.92823105e-06+2.31634101e-34j -3.71931031e-16-1.56451621e-31j\n",
      "   5.41509338e-20-1.06801170e-32j  0.00000000e+00+0.00000000e+00j\n",
      "  -2.73911877e-18-1.24315287e-33j -5.41267374e-20+8.72785601e-33j\n",
      "  -6.98760720e-08+5.99782143e-34j  4.70486658e-18+1.94193430e-33j\n",
      "   0.00000000e+00+0.00000000e+00j  2.77819997e-08-6.02315046e-34j\n",
      "   5.70612189e-16+2.49715625e-31j  1.14456841e-20-7.56770098e-31j\n",
      "   4.16113607e-06+0.00000000e+00j]]\n"
     ]
    }
   ],
   "source": [
    "print(fin_gamma_matrices2[0][1])"
   ]
  },
  {
   "cell_type": "code",
   "execution_count": 101,
   "metadata": {},
   "outputs": [
    {
     "name": "stdout",
     "output_type": "stream",
     "text": [
      "Smallest eigenvalues for Th =  0.4 and e =  0.0 are  [-1.15792294e-05-9.97117661e-01j -1.15792294e-05+9.97117661e-01j\n",
      "  6.19975375e-16-1.99439198e-17j]\n",
      "Smallest eigenvalues for Th =  0.4 and e =  0.00263158 are  [-6.06203386e-06+9.97570451e-01j -6.06203386e-06-9.97570451e-01j\n",
      " -1.60666350e-16+1.73445118e-15j]\n",
      "Smallest eigenvalues for Th =  0.4 and e =  0.00789474 are  [-4.76731486e-06+9.97668333e-01j -4.76731486e-06-9.97668333e-01j\n",
      "  8.26013712e-17+7.31098236e-17j]\n",
      "Smallest eigenvalues for Th =  0.4 and e =  0.01052632 are  [-4.87063272e-06+9.97683721e-01j -4.87063272e-06-9.97683721e-01j\n",
      " -3.04476250e-17-5.54473197e-17j]\n",
      "Smallest eigenvalues for Th =  0.4 and e =  0.01315789 are  [-4.91077083e-06-9.97693458e-01j -4.91077083e-06+9.97693458e-01j\n",
      "  3.47056181e-16-2.29683792e-17j]\n",
      "Smallest eigenvalues for Th =  0.4 and e =  0.01578947 are  [-4.95865615e-06-9.97700185e-01j -4.95865615e-06+9.97700185e-01j\n",
      "  1.06555120e-16-1.79474561e-17j]\n",
      "Smallest eigenvalues for Th =  0.4 and e =  0.02368421 are  [-5.02524839e-06-9.97711863e-01j -5.02524839e-06+9.97711863e-01j\n",
      " -1.44008821e-16+3.49270961e-17j]\n",
      "Smallest eigenvalues for Th =  0.4 and e =  0.02631579 are  [-5.04568282e-06-9.97714275e-01j -5.04568282e-06+9.97714275e-01j\n",
      "  5.28346943e-17-2.54758463e-17j]\n",
      "Smallest eigenvalues for Th =  0.4 and e =  0.03157895 are  [-5.07329477e-06-9.97717942e-01j -5.07329477e-06+9.97717942e-01j\n",
      "  1.61160072e-16-6.16790415e-18j]\n",
      "Smallest eigenvalues for Th =  0.4 and e =  0.03421053 are  [-5.08229328e-06+9.97719370e-01j -5.08229328e-06-9.97719370e-01j\n",
      " -8.83137619e-16-1.92476631e-15j]\n",
      "Smallest eigenvalues for Th =  0.4 and e =  0.03684211 are  [-5.09034912e-06+9.977206e-01j -5.09034912e-06-9.977206e-01j\n",
      "  7.84766616e-17-2.572857e-18j]\n",
      "Smallest eigenvalues for Th =  0.4 and e =  0.03947368 are  [-5.10019081e-06-9.97721673e-01j -5.10019081e-06+9.97721673e-01j\n",
      " -4.82067755e-17+1.00817882e-16j]\n",
      "Smallest eigenvalues for Th =  0.4 and e =  0.04736842 are  [-5.12291511e-06-9.97724197e-01j -5.12291510e-06+9.97724197e-01j\n",
      " -3.82149452e-17-9.94314173e-16j]\n",
      "Smallest eigenvalues for Th =  0.4 and e =  0.05 are  [-5.13107487e-06+9.97724866e-01j -5.13107486e-06-9.97724866e-01j\n",
      "  8.85183992e-17+3.07382150e-17j]\n",
      "Smallest eigenvalues for Th =  0.7 and e =  0.0 are  [-1.53544895e-05-9.97117655e-01j -1.53544895e-05+9.97117655e-01j\n",
      " -5.62617736e-17-2.49193317e-17j]\n",
      "Smallest eigenvalues for Th =  0.7 and e =  0.00263158 are  [-8.60104054e-06-9.97570429e-01j -7.19353260e-06+8.41999859e-17j\n",
      " -6.00498450e-16+3.30172435e-15j]\n",
      "Smallest eigenvalues for Th =  0.7 and e =  0.00789474 are  [-4.67360058e-06+9.97668332e-01j -4.67360058e-06-9.97668332e-01j\n",
      "  5.68553533e-18-4.01558079e-17j]\n",
      "Smallest eigenvalues for Th =  0.7 and e =  0.01052632 are  [-4.80891445e-06+9.97683720e-01j -4.80891445e-06-9.97683720e-01j\n",
      " -7.66034118e-17-3.19673767e-17j]\n",
      "Smallest eigenvalues for Th =  0.7 and e =  0.01315789 are  [-4.87144069e-06+9.97693457e-01j -4.87144068e-06-9.97693457e-01j\n",
      "  1.74383383e-16+9.40854689e-17j]\n",
      "Smallest eigenvalues for Th =  0.7 and e =  0.01578947 are  [-4.93556820e-06-9.97700185e-01j -4.93556820e-06+9.97700185e-01j\n",
      "  1.31077698e-16+2.79465891e-18j]\n",
      "Smallest eigenvalues for Th =  0.7 and e =  0.02368421 are  [-5.02530871e-06+9.97711864e-01j -5.02530871e-06-9.97711864e-01j\n",
      "  1.26365895e-17-4.27516698e-17j]\n",
      "Smallest eigenvalues for Th =  0.7 and e =  0.02631579 are  [-5.04447494e-06-9.97714275e-01j -5.04447494e-06+9.97714275e-01j\n",
      "  1.37552807e-16+3.61453212e-18j]\n",
      "Smallest eigenvalues for Th =  0.7 and e =  0.03157895 are  [-5.08272753e-06-9.97717942e-01j -5.08272753e-06+9.97717942e-01j\n",
      " -2.28786806e-16+9.20945381e-17j]\n",
      "Smallest eigenvalues for Th =  0.7 and e =  0.03421053 are  [-5.09825600e-06-9.97719369e-01j -5.09825600e-06+9.97719369e-01j\n",
      " -1.64856054e-16-8.07346778e-18j]\n",
      "Smallest eigenvalues for Th =  0.7 and e =  0.03684211 are  [-5.10252653e-06+9.97720600e-01j -5.10252653e-06-9.97720600e-01j\n",
      "  6.05105020e-17-9.91402015e-17j]\n",
      "Smallest eigenvalues for Th =  0.7 and e =  0.03947368 are  [-5.11510392e-06+9.97721673e-01j -5.11510392e-06-9.97721673e-01j\n",
      "  2.01389200e-16-1.03967144e-17j]\n",
      "Smallest eigenvalues for Th =  0.7 and e =  0.04736842 are  [-5.15055510e-06+9.97724196e-01j -5.15055510e-06-9.97724196e-01j\n",
      "  6.39930661e-16+8.63590666e-15j]\n",
      "Smallest eigenvalues for Th =  0.7 and e =  0.05 are  [-5.14631590e-06+9.97724866e-01j -5.14631590e-06-9.97724866e-01j\n",
      " -4.26716079e-16-3.00215954e-17j]\n",
      "Smallest eigenvalues for Th =  1.0 and e =  0.0 are  [-1.90227172e-05+9.97117619e-01j -1.90227172e-05-9.97117619e-01j\n",
      " -1.81383391e-16+9.78599473e-17j]\n",
      "Smallest eigenvalues for Th =  1.0 and e =  0.00263158 are  [-1.07459261e-05-9.97570430e-01j -7.11802741e-06+5.91143305e-20j\n",
      "  2.24712049e-16+8.12472699e-15j]\n",
      "Smallest eigenvalues for Th =  1.0 and e =  0.00789474 are  [-4.71743386e-06-9.97668332e-01j -4.71743386e-06+9.97668332e-01j\n",
      "  1.06460649e-16+8.87656827e-17j]\n",
      "Smallest eigenvalues for Th =  1.0 and e =  0.01052632 are  [-4.81787814e-06-9.97683720e-01j -4.81787813e-06+9.97683720e-01j\n",
      " -4.08454762e-16+2.65392585e-17j]\n",
      "Smallest eigenvalues for Th =  1.0 and e =  0.01315789 are  [-4.89242161e-06-9.97693458e-01j -4.89242160e-06+9.97693458e-01j\n",
      " -7.19791947e-16+2.49534134e-15j]\n",
      "Smallest eigenvalues for Th =  1.0 and e =  0.01578947 are  [-4.94104171e-06-9.97700185e-01j -4.94104171e-06+9.97700185e-01j\n",
      "  3.90840761e-16-5.64077319e-17j]\n",
      "Smallest eigenvalues for Th =  1.0 and e =  0.02368421 are  [-5.04157541e-06+9.97711864e-01j -5.04157541e-06-9.97711864e-01j\n",
      "  7.92475269e-17+1.00225519e-16j]\n",
      "Smallest eigenvalues for Th =  1.0 and e =  0.02631579 are  [-5.06529378e-06+9.97714275e-01j -5.06529378e-06-9.97714275e-01j\n",
      "  5.22949751e-17-1.71193190e-16j]\n",
      "Smallest eigenvalues for Th =  1.0 and e =  0.03157895 are  [-5.10756060e-06+9.97717942e-01j -5.10756060e-06-9.97717942e-01j\n",
      "  8.36273509e-17+9.45271483e-18j]\n",
      "Smallest eigenvalues for Th =  1.0 and e =  0.03421053 are  [-5.11076129e-06-9.97719370e-01j -5.11076129e-06+9.97719370e-01j\n",
      "  3.49493441e-15+1.16351713e-15j]\n",
      "Smallest eigenvalues for Th =  1.0 and e =  0.03684211 are  [-5.12873792e-06+9.97720600e-01j -5.12873792e-06-9.97720600e-01j\n",
      "  4.32037557e-17-4.04366745e-17j]\n",
      "Smallest eigenvalues for Th =  1.0 and e =  0.03947368 are  [-5.09270058e-06-9.97721673e-01j -5.09270057e-06+9.97721673e-01j\n",
      " -7.93333205e-17-3.23035510e-17j]\n",
      "Smallest eigenvalues for Th =  1.0 and e =  0.04736842 are  [-5.21058907e-06-9.97724196e-01j -5.21058906e-06+9.97724196e-01j\n",
      "  8.27183293e-16+1.91993715e-15j]\n",
      "Smallest eigenvalues for Th =  1.0 and e =  0.05 are  [-5.18720291e-06+9.97724866e-01j -5.18720291e-06-9.97724866e-01j\n",
      "  4.56283962e-16+4.15275180e-15j]\n"
     ]
    }
   ],
   "source": [
    "## Now, we will define the recursive solving method\n",
    "\n",
    "cvx_ss = []\n",
    "\n",
    "for i in range(len(betalist1)):\n",
    "    list1 = []\n",
    "    for j in range(len(deltalist)):\n",
    "        delta = deltalist[j]\n",
    "        w0list = np.zeros(N)\n",
    "        w0list[0] = 1\n",
    "        w0list[1] = 1\n",
    "        w0list[2] = 1\n",
    "        w0list[3] = 1 + delta\n",
    "        w0list[4] = 1 + delta\n",
    "        w0list[5] = 1 + delta\n",
    "        H_S = create_hamiltonian2(w0list, glist,N)\n",
    "        rho_ss = steady_state_calc(H_S,betalist1[i],deltalist[j],fin_gamma_matrices1[i][j],fin_gamma_matrices2[0][j],fin_ls_matrices1[i][j],fin_ls_matrices2[0][j])\n",
    "        list1.append(rho_ss)\n",
    "    cvx_ss.append(list1)\n"
   ]
  },
  {
   "cell_type": "code",
   "execution_count": 102,
   "metadata": {},
   "outputs": [
    {
     "name": "stdout",
     "output_type": "stream",
     "text": [
      "[[Quantum object: dims=[[2, 2, 2, 2, 2, 2], [2, 2, 2, 2, 2, 2]], shape=(64, 64), type='oper', dtype=Dense, isherm=True\n",
      "Qobj data =\n",
      "[[ 6.81263848e-16+0.00000000e+00j -7.93728699e-23-1.29756951e-23j\n",
      "   1.58599476e-22-2.45131627e-23j ... -2.91762131e-29-5.82907899e-30j\n",
      "  -5.22237820e-31-5.27569385e-30j  4.46581953e-31+4.41598916e-30j]\n",
      " [-7.93728699e-23+1.29756951e-23j -9.69707841e-18+0.00000000e+00j\n",
      "  -1.34796756e-18+4.19196232e-17j ... -5.04317920e-25-1.73551833e-27j\n",
      "   5.83694069e-27-7.67152601e-27j -8.71070166e-30+1.98807807e-30j]\n",
      " [ 1.58599476e-22+2.45131627e-23j -1.34796756e-18-4.19196232e-17j\n",
      "   8.24371435e-17+0.00000000e+00j ... -1.16506120e-26-2.47212781e-26j\n",
      "  -5.02518368e-25-1.14081557e-27j -4.12136218e-28-3.72564924e-27j]\n",
      " ...\n",
      " [-2.91762131e-29+5.82907899e-30j -5.04317920e-25+1.73551833e-27j\n",
      "  -1.16506120e-26+2.47212781e-26j ...  1.46140526e-04+0.00000000e+00j\n",
      "  -1.70548441e-06+5.77094054e-06j  2.19027672e-09+2.12402041e-09j]\n",
      " [-5.22237820e-31+5.27569385e-30j  5.83694069e-27+7.67152601e-27j\n",
      "  -5.02518368e-25+1.14081557e-27j ... -1.70548441e-06-5.77094054e-06j\n",
      "   1.45459518e-04+0.00000000e+00j -1.17788403e-09+4.48789847e-10j]\n",
      " [ 4.46581953e-31-4.41598916e-30j -8.71070166e-30-1.98807807e-30j\n",
      "  -4.12136218e-28+3.72564924e-27j ...  2.19027672e-09-2.12402041e-09j\n",
      "  -1.17788403e-09-4.48789847e-10j  9.99123457e-01+0.00000000e+00j]], Quantum object: dims=[[2, 2, 2, 2, 2, 2], [2, 2, 2, 2, 2, 2]], shape=(64, 64), type='oper', dtype=Dense, isherm=True\n",
      "Qobj data =\n",
      "[[ 7.56106141e-16+0.00000000e+00j  2.12162716e-20-8.42427758e-20j\n",
      "   1.87512131e-20-8.95435201e-20j ...  9.30385852e-29+5.76492151e-28j\n",
      "  -4.75158210e-29-2.00439189e-28j -1.54245960e-30-1.85981586e-29j]\n",
      " [ 2.12162716e-20+8.42427758e-20j  3.40600685e-12+0.00000000e+00j\n",
      "  -1.45242309e-12+2.27162072e-13j ... -1.73675357e-23+5.37384550e-24j\n",
      "  -9.81736981e-24-2.63530877e-24j  3.62926399e-29+8.16783218e-29j]\n",
      " [ 1.87512131e-20+8.95435201e-20j -1.45242309e-12-2.27162072e-13j\n",
      "   3.76119566e-12+0.00000000e+00j ...  1.47885640e-22-2.19028794e-23j\n",
      "  -5.26128892e-24+6.67697913e-24j -1.09056551e-29+9.76797744e-29j]\n",
      " ...\n",
      " [ 9.30385852e-29-5.76492151e-28j -1.73675357e-23-5.37384550e-24j\n",
      "   1.47885640e-22+2.19028794e-23j ...  4.77633708e-03+0.00000000e+00j\n",
      "  -2.03816542e-03+1.92137182e-04j  2.10022078e-09+1.71170834e-09j]\n",
      " [-4.75158210e-29+2.00439189e-28j -9.81736981e-24+2.63530877e-24j\n",
      "  -5.26128892e-24-6.67697913e-24j ... -2.03816542e-03-1.92137182e-04j\n",
      "   3.93752586e-03+0.00000000e+00j -1.22060964e-09+2.44377276e-09j]\n",
      " [-1.54245960e-30+1.85981586e-29j  3.62926399e-29-8.16783218e-29j\n",
      "  -1.09056551e-29-9.76797744e-29j ...  2.10022078e-09-1.71170834e-09j\n",
      "  -1.22060964e-09-2.44377276e-09j  9.26313893e-01+0.00000000e+00j]], Quantum object: dims=[[2, 2, 2, 2, 2, 2], [2, 2, 2, 2, 2, 2]], shape=(64, 64), type='oper', dtype=Dense, isherm=True\n",
      "Qobj data =\n",
      "[[ 2.63515964e-16+0.00000000e+00j  2.85889146e-22-4.48851089e-21j\n",
      "   7.12262906e-22-4.73273898e-21j ...  2.06643703e-29+1.93694527e-28j\n",
      "  -5.07027591e-30-4.24870345e-29j  4.14918788e-32+3.30211434e-31j]\n",
      " [ 2.85889146e-22+4.48851089e-21j  1.09850030e-12+0.00000000e+00j\n",
      "  -6.44345735e-15+1.51262045e-14j ...  5.26618133e-24+9.45598979e-26j\n",
      "  -9.88412820e-25+2.96629447e-26j -7.09470526e-31-8.96490988e-32j]\n",
      " [ 7.12262906e-22+4.73273898e-21j -6.44345735e-15-1.51262045e-14j\n",
      "   1.08796557e-12+0.00000000e+00j ... -1.26909994e-22+1.31634648e-23j\n",
      "   2.82206436e-23-3.03419710e-24j  1.01238993e-30+2.98449824e-30j]\n",
      " ...\n",
      " [ 2.06643703e-29-1.93694527e-28j  5.26618133e-24-9.45598979e-26j\n",
      "  -1.26909994e-22-1.31634648e-23j ...  2.20784944e-04+0.00000000e+00j\n",
      "  -4.42048683e-05+8.59763962e-07j  1.71626594e-09+1.84119177e-09j]\n",
      " [-5.07027591e-30+4.24870345e-29j -9.88412820e-25-2.96629447e-26j\n",
      "   2.82206436e-23+3.03419710e-24j ... -4.42048683e-05-8.59763962e-07j\n",
      "   5.91911474e-05+0.00000000e+00j -9.19905693e-10-3.20214239e-11j]\n",
      " [ 4.14918788e-32-3.30211434e-31j -7.09470526e-31+8.96490988e-32j\n",
      "   1.01238993e-30-2.98449824e-30j ...  1.71626594e-09-1.84119177e-09j\n",
      "  -9.19905693e-10+3.20214239e-11j  7.89443638e-01+0.00000000e+00j]], Quantum object: dims=[[2, 2, 2, 2, 2, 2], [2, 2, 2, 2, 2, 2]], shape=(64, 64), type='oper', dtype=Dense, isherm=True\n",
      "Qobj data =\n",
      "[[ 1.09468152e-16+0.00000000e+00j  4.18425876e-23-3.14063322e-21j\n",
      "   1.83999913e-22+1.94857300e-22j ... -7.90460894e-31-5.97870112e-30j\n",
      "   1.37729980e-31+1.04066099e-30j  5.59652358e-32+5.28713826e-31j]\n",
      " [ 4.18425876e-23+3.14063322e-21j  9.38086624e-13+0.00000000e+00j\n",
      "  -2.79253652e-15+3.63990064e-15j ...  1.05491011e-24+3.92116686e-27j\n",
      "  -1.45176101e-25+8.69932571e-27j -1.08429192e-30-1.04800307e-30j]\n",
      " [ 1.83999913e-22-1.94857300e-22j -2.79253652e-15-3.63990064e-15j\n",
      "   9.35269042e-13+0.00000000e+00j ... -1.06237173e-22+1.13140726e-23j\n",
      "   1.68887164e-23-1.91638289e-24j  1.04117843e-30+2.16417465e-30j]\n",
      " ...\n",
      " [-7.90460894e-31+5.97870112e-30j  1.05491011e-24-3.92116686e-27j\n",
      "  -1.06237173e-22-1.13140726e-23j ...  8.09485368e-05+0.00000000e+00j\n",
      "  -8.06346823e-06+1.00562897e-07j  1.71241256e-09+1.58508096e-09j]\n",
      " [ 1.37729980e-31-1.04066099e-30j -1.45176101e-25-8.69932571e-27j\n",
      "   1.68887164e-23+1.91638289e-24j ... -8.06346823e-06-1.00562897e-07j\n",
      "   3.86158743e-05+0.00000000e+00j -9.20697163e-10+8.88510938e-11j]\n",
      " [ 5.59652358e-32-5.28713826e-31j -1.08429192e-30+1.04800307e-30j\n",
      "   1.04117843e-30-2.16417465e-30j ...  1.71241256e-09-1.58508096e-09j\n",
      "  -9.20697163e-10-8.88510938e-11j  7.89146251e-01+0.00000000e+00j]], Quantum object: dims=[[2, 2, 2, 2, 2, 2], [2, 2, 2, 2, 2, 2]], shape=(64, 64), type='oper', dtype=Dense, isherm=True\n",
      "Qobj data =\n",
      "[[-2.90145534e-16+0.00000000e+00j  1.12883217e-23-2.06734311e-21j\n",
      "   9.64085982e-23+1.06066158e-21j ...  1.10806206e-30+9.17313133e-30j\n",
      "  -1.46175451e-31-1.15175359e-30j  7.07785083e-34+5.58297243e-33j]\n",
      " [ 1.12883217e-23+2.06734311e-21j  9.11469454e-13+0.00000000e+00j\n",
      "  -2.51787374e-15+1.33991593e-15j ... -4.73037236e-27+8.38743034e-28j\n",
      "   6.35869074e-28-8.70997534e-29j -1.14383253e-32-1.06535163e-32j]\n",
      " [ 9.64085982e-23-1.06066158e-21j -2.51787374e-15-1.33991593e-15j\n",
      "   9.10131616e-13+0.00000000e+00j ...  9.48432256e-24-1.12458367e-24j\n",
      "  -1.18809088e-24+1.51387903e-25j -4.08823298e-31-3.35912834e-30j]\n",
      " ...\n",
      " [ 1.10806206e-30-9.17313133e-30j -4.73037236e-27-8.38743034e-28j\n",
      "   9.48432256e-24+1.12458367e-24j ...  5.24830594e-05+0.00000000e+00j\n",
      "  -2.71641021e-06+2.19461026e-08j  1.70792273e-09+1.53125588e-09j]\n",
      " [-1.46175451e-31+1.15175359e-30j  6.35869074e-28+8.70997534e-29j\n",
      "  -1.18809088e-24-1.51387903e-25j ... -2.71641021e-06-2.19461026e-08j\n",
      "   3.64435222e-05+0.00000000e+00j -9.18634256e-10+3.25084399e-10j]\n",
      " [ 7.07785083e-34-5.58297243e-33j -1.14383253e-32+1.06535163e-32j\n",
      "  -4.08823298e-31+3.35912834e-30j ...  1.70792273e-09-1.53125588e-09j\n",
      "  -9.18634256e-10-3.25084399e-10j  7.89122184e-01+0.00000000e+00j]], Quantum object: dims=[[2, 2, 2, 2, 2, 2], [2, 2, 2, 2, 2, 2]], shape=(64, 64), type='oper', dtype=Dense, isherm=True\n",
      "Qobj data =\n",
      "[[-1.89849385e-17+0.00000000e+00j  3.00257834e-23-2.12451368e-21j\n",
      "   1.45776489e-22+1.80340318e-22j ... -8.97262168e-31-8.31922666e-30j\n",
      "   9.74964785e-32+8.63150836e-31j  2.83252858e-33+2.46963870e-32j]\n",
      " [ 3.00257834e-23+2.12451368e-21j  9.03524994e-13+0.00000000e+00j\n",
      "  -2.47821676e-15+6.12246624e-16j ... -1.02574967e-26+1.61965375e-27j\n",
      "   1.07486114e-27-1.34566451e-28j -5.15356834e-32-5.11929880e-32j]\n",
      " [ 1.45776489e-22-1.80340318e-22j -2.47821676e-15-6.12246624e-16j\n",
