{
 "cells": [
  {
   "cell_type": "code",
   "execution_count": 1,
   "metadata": {},
   "outputs": [],
   "source": [
    "#Importing the required libraries\n",
    "\n",
    "from qutip import *\n",
    "import numpy as np\n",
    "from scipy import integrate\n",
    "from helper_code_qutip import * \n",
    "import scipy.io"
   ]
  },
  {
   "cell_type": "code",
   "execution_count": 3,
   "metadata": {},
   "outputs": [],
   "source": [
    "## Importing the data from the .mat file\n",
    "\n",
    "matlab_data1 = scipy.io.loadmat('../matlab/data_plotting_vsbeta_1/data_2_2_5.mat',mat_dtype=False)\n",
    "matlab_data2 = scipy.io.loadmat('../matlab/data_plotting_vsbeta_1/data_2_2_6.mat',mat_dtype=False)  # is set to True, givex complex casting to real errors.."
   ]
  },
  {
   "cell_type": "code",
   "execution_count": 4,
   "metadata": {},
   "outputs": [
    {
     "name": "stdout",
     "output_type": "stream",
     "text": [
      "NL and NM are  2 2 respectively\n"
     ]
    }
   ],
   "source": [
    "## Processing to see whether the data is extracted correctly or not\n",
    "\n",
    "betalist1 = matlab_data1['betalist'][0]\n",
    "betalist2 = matlab_data2['betalist'][0]\n",
    "\n",
    "gamma_matrices1 = matlab_data1['gamma_matrices'][0]\n",
    "ls_matrices1 = matlab_data1['lamb_shift_matrices'][0]\n",
    "\n",
    "gamma_matrices2 = matlab_data2['gamma_matrices'][0]\n",
    "ls_matrices2 = matlab_data2['lamb_shift_matrices'][0]\n",
    "\n",
    "NL = int(matlab_data1[\"NL\"][0,0])\n",
    "NM = int(matlab_data2[\"NM\"][0,0])\n",
    "\n",
    "print('NL and NM are ', NL, NM, 'respectively')\n",
    "\n",
    "N = NL + NM\n",
    "dL = 2**NL\n",
    "dM = 2**NM\n",
    "d = 2**N\n",
    "dims = [2]*N"
   ]
  },
  {
   "cell_type": "code",
   "execution_count": 5,
   "metadata": {},
   "outputs": [
    {
     "name": "stdout",
     "output_type": "stream",
     "text": [
      "(15,)\n",
      "(15,)\n",
      "[1000.            5.55555556    5.        ]\n",
      "[1.00000000e+03 1.74716086e+00 8.74344242e-01 5.83066095e-01\n",
      " 4.37363324e-01 3.49921268e-01 2.91618064e-01 2.49968754e-01\n",
      " 2.18729494e-01 1.94430942e-01 1.74991250e-01 1.59085486e-01\n",
      " 1.45830295e-01 1.34614090e-01 1.25000000e-01]\n"
     ]
    }
   ],
   "source": [
    "print(gamma_matrices2.shape)\n",
    "print(ls_matrices2.shape)\n",
    "\n",
    "#print(gamma_matrices2[1])\n",
    "print(betalist1)\n",
    "print(betalist2)"
   ]
  },
  {
   "cell_type": "code",
   "execution_count": 6,
   "metadata": {},
   "outputs": [],
   "source": [
    "def matrix_transform(gamma_matrix,ls_matrix):\n",
    "    gamma_matr = np.zeros((dL**2-1,dL**2-1), dtype = complex)\n",
    "    ls_matr = np.zeros((dL,dL), dtype = complex)\n",
    "\n",
    "    for i in range(dL**2-1):\n",
    "        for j in range(dL**2-1):\n",
    "            gamma_matr[i,j] = gamma_matrix[i,j]\n",
    "\n",
    "    for i in range(dL):\n",
    "        for j in range(dL):\n",
    "            ls_matr[i,j] = ls_matrix[i,j]\n",
    "\n",
    "    return gamma_matr, ls_matr\n",
    "\n",
    "\n",
    "fin_gamma_matrices1 = [0]*len(betalist1)\n",
    "fin_ls_matrices1 = [0]*len(betalist1)\n",
    "\n",
    "fin_gamma_matrices2 = [0]*len(betalist2)\n",
    "fin_ls_matrices2 = [0]*len(betalist2)\n",
    "\n",
    "for i in range(len(betalist1)):\n",
    "    fin_gamma_matrices1[i], fin_ls_matrices1[i] = matrix_transform(gamma_matrices1[i],ls_matrices1[i])\n",
    "\n",
    "for i in range(len(betalist2)):\n",
    "    fin_gamma_matrices2[i], fin_ls_matrices2[i] = matrix_transform(gamma_matrices2[i],ls_matrices2[i])\n",
    "\n",
    "\n",
    "\n"
   ]
  },
  {
   "cell_type": "code",
   "execution_count": 9,
   "metadata": {},
   "outputs": [],
   "source": [
    "matlab_data3 = scipy.io.loadmat('../matlab/thermal_data1.mat',mat_dtype=False)  # is set to True, givex complex casting to real errors..\n",
    "matlab_data4 = scipy.io.loadmat('../matlab/thermal_data3.mat',mat_dtype=False)  # is set to True, givex complex casting to real errors.."
   ]
  },
  {
   "cell_type": "code",
   "execution_count": 10,
   "metadata": {},
   "outputs": [
    {
     "name": "stdout",
     "output_type": "stream",
     "text": [
      "Quantum object: dims=[[16], [16]], shape=(16, 16), type='oper', dtype=Dense, isherm=True\n",
      "Qobj data =\n",
      "[[0.25 0.   0.   0.   0.   0.   0.   0.   0.   0.   0.   0.   0.   0.\n",
      "  0.   0.  ]\n",
      " [0.   0.25 0.   0.   0.   0.   0.   0.   0.   0.   0.   0.   0.   0.\n",
      "  0.   0.  ]\n",
      " [0.   0.   0.25 0.   0.   0.   0.   0.   0.   0.   0.   0.   0.   0.\n",
      "  0.   0.  ]\n",
      " [0.   0.   0.   0.25 0.   0.   0.   0.   0.   0.   0.   0.   0.   0.\n",
      "  0.   0.  ]\n",
      " [0.   0.   0.   0.   0.25 0.   0.   0.   0.   0.   0.   0.   0.   0.\n",
      "  0.   0.  ]\n",
      " [0.   0.   0.   0.   0.   0.25 0.   0.   0.   0.   0.   0.   0.   0.\n",
      "  0.   0.  ]\n",
      " [0.   0.   0.   0.   0.   0.   0.25 0.   0.   0.   0.   0.   0.   0.\n",
      "  0.   0.  ]\n",
      " [0.   0.   0.   0.   0.   0.   0.   0.25 0.   0.   0.   0.   0.   0.\n",
      "  0.   0.  ]\n",
      " [0.   0.   0.   0.   0.   0.   0.   0.   0.25 0.   0.   0.   0.   0.\n",
      "  0.   0.  ]\n",
      " [0.   0.   0.   0.   0.   0.   0.   0.   0.   0.25 0.   0.   0.   0.\n",
      "  0.   0.  ]\n",
      " [0.   0.   0.   0.   0.   0.   0.   0.   0.   0.   0.25 0.   0.   0.\n",
      "  0.   0.  ]\n",
      " [0.   0.   0.   0.   0.   0.   0.   0.   0.   0.   0.   0.25 0.   0.\n",
      "  0.   0.  ]\n",
      " [0.   0.   0.   0.   0.   0.   0.   0.   0.   0.   0.   0.   0.25 0.\n",
      "  0.   0.  ]\n",
      " [0.   0.   0.   0.   0.   0.   0.   0.   0.   0.   0.   0.   0.   0.25\n",
      "  0.   0.  ]\n",
      " [0.   0.   0.   0.   0.   0.   0.   0.   0.   0.   0.   0.   0.   0.\n",
      "  0.25 0.  ]\n",
      " [0.   0.   0.   0.   0.   0.   0.   0.   0.   0.   0.   0.   0.   0.\n",
      "  0.   0.25]]\n"
     ]
    }
   ],
   "source": [
    "matlab_F_list1 = matlab_data3[\"F\"]\n",
    "F_list1 = []\n",
    "\n",
    "matlab_F_list2 = matlab_data4[\"F\"]\n",
    "F_list2 = []\n",
    "\n",
    "\n",
    "for index in range(2**dL):\n",
    "    matrix1 = np.asmatrix(matlab_F_list1[0,index])\n",
    "    matrix2 = np.asmatrix(matlab_F_list2[0,index])\n",
    "\n",
    "    F_list1.append(Qobj(matrix1))\n",
    "    F_list2.append(Qobj(matrix2))\n",
    "    \n",
    "if not basis_is_orthonormal(F_list1):\n",
    "    print(\"WARNING : Basis 1 is NOT orthonormal\")\n",
    "\n",
    "if not basis_is_orthonormal(F_list2):\n",
    "    print(\"WARNING : Basis 2 is NOT orthonormal\")\n",
    "\n",
    "F_list1.pop() #removes the last indentity basis ..\n",
    "print(F_list2[-1]) # should be identity matrix\n",
    "F_list2.pop()\n",
    "\n",
    "for index in range(2**dL-1):\n",
    "    F_list1[index].dims = [dims,dims] # makes sure mutliplication will work and QuTiP wont throw errors. \n",
    "    F_list2[index].dims = [dims,dims]"
   ]
  },
  {
   "cell_type": "code",
   "execution_count": 11,
   "metadata": {},
   "outputs": [
    {
     "name": "stdout",
     "output_type": "stream",
     "text": [
      "w0list is  [1. 1. 1. 1.]\n",
      "glist is [0.0016 0.0016 0.0016]\n"
     ]
    }
   ],
   "source": [
    "w0list = matlab_data2[\"w0list\"][:,0]\n",
    "w0list = w0list.astype('float')\n",
    "print('w0list is ', w0list)\n",
    "\n",
    "glist = matlab_data1[\"glist\"][:,0]\n",
    "glist = glist.astype('float')\n",
    "\n",
    "print('glist is', glist)\n",
    "\n",
    "H_S = create_hamiltonian2(w0list,glist,N)\n",
    "eigenenergies, eigenstates = H_S.eigenstates()"
   ]
  },
  {
   "cell_type": "code",
   "execution_count": 12,
   "metadata": {},
   "outputs": [],
   "source": [
    "p_c= 1e-2\n",
    "p_h= 1.1e-3"
   ]
  },
  {
   "cell_type": "code",
   "execution_count": 14,
   "metadata": {},
   "outputs": [],
   "source": [
    "def steady_state_calc(beta1, beta2, gamma_matrix1, gamma_matrix2, ls_matrix1, ls_matrix2):\n",
    "\n",
    "    \n",
    "    [D1,U1] = np.linalg.eigh(gamma_matrix1)\n",
    "    [D2,U2] = np.linalg.eigh(gamma_matrix2)\n",
    "\n",
    "    L_list1 = []\n",
    "    Udagger1 = np.transpose(np.conj(U1))\n",
    "    L_list2 = []\n",
    "    Udagger2 = np.transpose(np.conj(U2))\n",
    "\n",
    "    for j  in range(dL**2-1):\n",
    "        op1 = 0\n",
    "        op2 = 0\n",
    "        for betaindex in range(dL**2-1):    \n",
    "            op1 = op1+Udagger1[j,betaindex]* F_list1[betaindex]\n",
    "            op2 = op2+Udagger2[j,betaindex]* F_list2[betaindex]\n",
    "        L_list1.append(op1)\n",
    "        L_list2.append(op2)\n",
    "\n",
    "    tildeL_list1 = []\n",
    "    tildeL_list2 = []\n",
    "\n",
    "    for index in range(dL**2-1):\n",
    "        tildeL_list1.append(np.sqrt(p_c*D1[index])*L_list1[index])\n",
    "        tildeL_list2.append(np.sqrt(p_h*D2[index])*L_list2[index])\n",
    "\n",
    "    tildeL_list = []\n",
    "    for i in tildeL_list1:\n",
    "        tildeL_list.append(i)\n",
    "\n",
    "    for i in tildeL_list2:\n",
    "        tildeL_list.append(i)\n",
    "\n",
    "    H_LS1 = tensor(Qobj(ls_matrix1),qeye(dM))\n",
    "    H_LS2 = tensor(qeye(dM),Qobj(ls_matrix2))\n",
    "    H_LS1.dims = [dims,dims]\n",
    "    H_LS2.dims = [dims,dims]\n",
    "    rho_ss = steadystate(H_S + p_c*H_LS1 + p_h*H_LS2, tildeL_list)\n",
    "    L_operator = liouvillian(H_S+H_LS1+H_LS2, tildeL_list)\n",
    "\n",
    "    L_eigen = L_operator.eigenenergies()\n",
    "\n",
    "    print(\"Smallest eigenvalues for Tc = \", 1/beta1, \"and Th = \", 1/beta2, \"are \",L_eigen[-3:])\n",
    "\n",
    "    return rho_ss\n"
   ]
  },
  {
   "cell_type": "code",
   "execution_count": 15,
   "metadata": {},
   "outputs": [
    {
     "name": "stdout",
     "output_type": "stream",
     "text": [
      "Smallest eigenvalues for Tc =  0.001 and Th =  0.001 are  [-2.89062481e-04+1.00255943e+00j -8.15744328e-05+5.90341777e-17j\n",
      "  1.41699361e-16-1.21048942e-17j]\n",
      "Smallest eigenvalues for Tc =  0.001 and Th =  0.5723571428571428 are  [-2.83068099e-04-9.97441767e-01j -8.20007980e-05+1.21461290e-17j\n",
      "  5.32348030e-17-7.50750713e-17j]\n",
      "Smallest eigenvalues for Tc =  0.001 and Th =  1.1437142857142855 are  [-2.79614255e-04-1.52883767e-16j -7.51925693e-05-1.42062665e-17j\n",
      " -1.56428074e-16+1.65391834e-16j]\n",
      "Smallest eigenvalues for Tc =  0.001 and Th =  1.7150714285714284 are  [-3.10609670e-04+9.97442559e-01j -1.03494108e-04-2.71560996e-17j\n",
      "  1.31399175e-16-6.77584016e-17j]\n",
      "Smallest eigenvalues for Tc =  0.001 and Th =  2.286428571428571 are  [-2.92782627e-04-2.15803218e-17j -8.46952163e-05+1.46318131e-16j\n",
      "  1.11398390e-16-1.21840513e-16j]\n",
      "Smallest eigenvalues for Tc =  0.001 and Th =  2.857785714285714 are  [-2.98396495e-04-9.97440913e-01j -8.90459093e-05+8.94059029e-18j\n",
      " -9.91849847e-18-1.32670450e-17j]\n",
      "Smallest eigenvalues for Tc =  0.001 and Th =  3.429142857142857 are  [-3.16080447e-04-9.97442193e-01j -1.03667908e-04-1.31741259e-16j\n",
      "  5.91855988e-17+1.03898036e-16j]\n",
      "Smallest eigenvalues for Tc =  0.001 and Th =  4.0005 are  [-3.05873594e-04-9.97441784e-01j -9.43516697e-05-5.85775600e-17j\n",
      "  4.26734425e-17-5.52262524e-17j]\n",
      "Smallest eigenvalues for Tc =  0.001 and Th =  4.571857142857143 are  [-3.22443534e-04+9.97442257e-01j -1.08042793e-04-2.02509454e-17j\n",
      "  1.50814923e-17+9.94269097e-17j]\n",
      "Smallest eigenvalues for Tc =  0.001 and Th =  5.143214285714286 are  [-3.22148611e-04-9.97442188e-01j -1.07371599e-04-6.80385897e-17j\n",
      "  6.19328691e-17-3.01235083e-17j]\n",
      "Smallest eigenvalues for Tc =  0.001 and Th =  5.714571428571428 are  [-3.22606796e-04+9.97441794e-01j -1.07530372e-04-1.00964212e-17j\n",
      "  5.76387295e-17+1.45568715e-16j]\n",
      "Smallest eigenvalues for Tc =  0.001 and Th =  6.285928571428572 are  [-3.23828920e-04+9.97442040e-01j -1.08228646e-04+3.73009552e-17j\n",
      "  5.03587347e-17-1.04834209e-16j]\n",
      "Smallest eigenvalues for Tc =  0.001 and Th =  6.857285714285714 are  [-3.24682219e-04-9.97442161e-01j -1.08685706e-04+1.33939636e-16j\n",
      " -8.58196057e-17+2.52034108e-18j]\n",
      "Smallest eigenvalues for Tc =  0.001 and Th =  7.428642857142856 are  [-3.25053734e-04+9.97442146e-01j -1.08804402e-04-3.03286432e-16j\n",
      " -1.23947148e-16-7.61559944e-17j]\n",
      "Smallest eigenvalues for Tc =  0.001 and Th =  8.0 are  [-3.25359248e-04+9.97442133e-01j -1.08894885e-04+1.74454740e-17j\n",
      " -4.31738017e-16+1.40934767e-16j]\n",
      "Smallest eigenvalues for Tc =  0.18 and Th =  0.001 are  [-6.25602407e-05-5.32914644e-18j -2.19258547e-05+7.59279161e-17j\n",
      " -3.03722621e-17-8.38183428e-17j]\n",
      "Smallest eigenvalues for Tc =  0.18 and Th =  0.5723571428571428 are  [-5.20531942e-05+1.93754679e-16j -2.58833940e-05-3.75327292e-16j\n",
      "  5.36418817e-17-3.11975340e-17j]\n",
      "Smallest eigenvalues for Tc =  0.18 and Th =  1.1437142857142855 are  [-3.83928573e-05+2.41052580e-16j -1.90874727e-05-6.52408180e-17j\n",
      "  1.48933201e-17-5.13088294e-17j]\n",
      "Smallest eigenvalues for Tc =  0.18 and Th =  1.7150714285714284 are  [-7.80291752e-05-2.89645598e-16j -3.87559862e-05+5.97082247e-17j\n",
      " -2.90046807e-16-2.17926703e-17j]\n",
      "Smallest eigenvalues for Tc =  0.18 and Th =  2.286428571428571 are  [-5.05641843e-05+5.50708375e-17j -2.51464355e-05+3.02545359e-17j\n",
      "  1.67724085e-17-6.02660576e-17j]\n",
      "Smallest eigenvalues for Tc =  0.18 and Th =  2.857785714285714 are  [-5.58827674e-05-7.59970406e-17j -2.77888708e-05-6.84460422e-17j\n",
      "  2.03988796e-16+2.19490056e-17j]\n",
      "Smallest eigenvalues for Tc =  0.18 and Th =  3.429142857142857 are  [-7.48020651e-05+1.15422737e-16j -3.71625888e-05-5.77129134e-17j\n",
      "  1.24516647e-17-1.72604249e-17j]\n",
      "Smallest eigenvalues for Tc =  0.18 and Th =  4.0005 are  [-6.21334374e-05-1.34858799e-16j -3.08905830e-05+2.87773833e-17j\n",
      "  1.07951388e-16+5.64990897e-17j]\n",
      "Smallest eigenvalues for Tc =  0.18 and Th =  4.571857142857143 are  [-7.97448297e-05+2.39720186e-17j -3.96052838e-05+1.03029537e-16j\n",
      "  1.27443056e-16+3.53369661e-17j]\n",
      "Smallest eigenvalues for Tc =  0.18 and Th =  5.143214285714286 are  [-7.85582078e-05+1.36283410e-16j -3.90193002e-05+9.90221301e-17j\n",
      "  5.58486404e-17+4.83034425e-17j]\n",
      "Smallest eigenvalues for Tc =  0.18 and Th =  5.714571428571428 are  [-7.85279362e-05+6.60055241e-17j -3.90045632e-05-1.53970081e-17j\n",
      "  5.94228838e-18+2.22649537e-16j]\n",
      "Smallest eigenvalues for Tc =  0.18 and Th =  6.285928571428572 are  [-7.92420085e-05+6.13363214e-17j -3.93572795e-05-1.58565195e-16j\n",
      "  4.33567104e-17+3.90343118e-17j]\n",
      "Smallest eigenvalues for Tc =  0.18 and Th =  6.857285714285714 are  [-7.96710812e-05+1.60272321e-16j -3.95694126e-05-1.71272628e-16j\n",
      " -8.23013578e-17+3.78398197e-17j]\n",
      "Smallest eigenvalues for Tc =  0.18 and Th =  7.428642857142856 are  [-7.96849095e-05+3.23112842e-16j -3.95762190e-05+1.60073025e-17j\n",
      "  1.65751047e-16-8.14254052e-17j]\n",
      "Smallest eigenvalues for Tc =  0.18 and Th =  8.0 are  [-7.96821026e-05-3.22124953e-16j -3.95748937e-05-8.58239887e-17j\n",
      " -8.25760203e-17-4.73010610e-17j]\n",
      "Smallest eigenvalues for Tc =  0.2 and Th =  0.001 are  [-1.17022466e-04+1.40436647e-16j -4.82498479e-05-1.70615500e-16j\n",
      "  2.79623781e-17+4.71738911e-18j]\n",
      "Smallest eigenvalues for Tc =  0.2 and Th =  0.5723571428571428 are  [-1.08854284e-04-5.69586872e-16j -5.36270578e-05+1.09178962e-16j\n",
      "  1.93382938e-17-2.76062390e-17j]\n",
      "Smallest eigenvalues for Tc =  0.2 and Th =  1.1437142857142855 are  [-9.54105602e-05+7.09514532e-16j -4.69957219e-05-2.52612548e-16j\n",
      " -8.24822478e-17+5.27954677e-17j]\n",
      "Smallest eigenvalues for Tc =  0.2 and Th =  1.7150714285714284 are  [-1.34334690e-04+7.65676574e-17j -6.61277377e-05+6.80150736e-17j\n",
      " -9.72390788e-17+1.14787998e-17j]\n",
      "Smallest eigenvalues for Tc =  0.2 and Th =  2.286428571428571 are  [-1.07387640e-04+3.41690897e-16j -5.29068095e-05-1.70404582e-16j\n",
      "  9.62065898e-17-5.62326983e-17j]\n",
      "Smallest eigenvalues for Tc =  0.2 and Th =  2.857785714285714 are  [-1.12611788e-04+1.07125125e-17j -5.54778985e-05+2.01442894e-16j\n",
      "  1.83888504e-17-1.94862494e-16j]\n",
      "Smallest eigenvalues for Tc =  0.2 and Th =  3.429142857142857 are  [-1.31175350e-04-3.78905936e-16j -6.45847821e-05+2.15328230e-16j\n",
      "  2.01625691e-17-3.05258896e-18j]\n",
      "Smallest eigenvalues for Tc =  0.2 and Th =  4.0005 are  [-1.18754801e-04+3.67459222e-16j -5.84984140e-05-2.16175571e-16j\n",
      " -2.58696272e-17-5.16294338e-17j]\n",
      "Smallest eigenvalues for Tc =  0.2 and Th =  4.571857142857143 are  [-1.36013316e-04-1.32589541e-16j -6.69495130e-05-7.30783857e-17j\n",
      " -1.56002299e-16-1.21022159e-17j]\n",
      "Smallest eigenvalues for Tc =  0.2 and Th =  5.143214285714286 are  [-1.34852220e-04+3.76864033e-17j -6.63824962e-05+9.99372875e-18j\n",
      " -8.39995035e-17+1.71589431e-16j]\n",
      "Smallest eigenvalues for Tc =  0.2 and Th =  5.714571428571428 are  [-1.34820020e-04-2.47328100e-18j -6.63663732e-05-2.22544062e-16j\n",
      " -5.02394742e-17+1.07243228e-16j]\n",
      "Smallest eigenvalues for Tc =  0.2 and Th =  6.285928571428572 are  [-1.35520461e-04-9.20553792e-17j -6.67089300e-05+4.79073180e-16j\n",
      " -3.34695500e-16-8.98997627e-17j]\n",
      "Smallest eigenvalues for Tc =  0.2 and Th =  6.857285714285714 are  [-1.35941155e-04+3.29437556e-17j -6.69148218e-05+2.57917509e-17j\n",
      "  4.83603962e-17+2.43401462e-17j]\n",
      "Smallest eigenvalues for Tc =  0.2 and Th =  7.428642857142856 are  [-1.35954683e-04-1.37163255e-16j -6.69214072e-05-1.76162742e-17j\n",
      " -8.10706226e-17-4.82090507e-17j]\n",
      "Smallest eigenvalues for Tc =  0.2 and Th =  8.0 are  [-1.35951937e-04+5.27238054e-18j -6.69201285e-05-5.43796694e-17j\n",
      "  2.61499546e-17+4.62777606e-17j]\n"
     ]
    }
   ],
   "source": [
    "rho_fin_arr = []\n",
    "for i in range(len(betalist1)):\n",
    "    list1 = []\n",
    "    for j in range(len(betalist2)):\n",
    "        rho_fin = steady_state_calc(betalist1[i], betalist2[j], fin_gamma_matrices1[i], fin_gamma_matrices2[j], fin_ls_matrices1[i], fin_ls_matrices2[j])\n",
    "        list1.append(rho_fin)\n",
    "    rho_fin_arr.append(list1)"
   ]
  },
  {
   "cell_type": "code",
   "execution_count": 16,
   "metadata": {},
   "outputs": [
    {
     "data": {
      "text/latex": [
       "Quantum object: dims=[[2, 2, 2, 2], [2, 2, 2, 2]], shape=(16, 16), type='oper', dtype=Dense, isherm=True$$\\left(\\begin{array}{cc}2.148\\times10^{ -11 } & -5.293\\times10^{ -34 } & -3.057\\times10^{ -31 } & -8.521\\times10^{ -33 } & 2.680\\times10^{ -33 } & \\cdots & -3.421\\times10^{ -36 } & 1.235\\times10^{ -32 } & -1.281\\times10^{ -32 } & -4.714\\times10^{ -36 } & 2.236\\times10^{ -37 }\\\\-5.293\\times10^{ -34 } & 3.574\\times10^{ -11 } & -7.883\\times10^{ -24 } & -1.408\\times10^{ -30 } & 4.827\\times10^{ -13 } & \\cdots & -6.472\\times10^{ -32 } & 1.456\\times10^{ -31 } & 2.982\\times10^{ -32 } & -9.412\\times10^{ -32 } & -5.079\\times10^{ -35 }\\\\-3.057\\times10^{ -31 } & -7.883\\times10^{ -24 } & 3.597\\times10^{ -11 } & 5.988\\times10^{ -34 } & -5.429\\times10^{ -24 } & \\cdots & 2.424\\times10^{ -32 } & -1.018\\times10^{ -33 } & 9.417\\times10^{ -32 } & 4.315\\times10^{ -33 } & 2.192\\times10^{ -32 }\\\\-8.521\\times10^{ -33 } & -1.408\\times10^{ -30 } & 5.988\\times10^{ -34 } & 1.468\\times10^{ -10 } & 1.307\\times10^{ -31 } & \\cdots & -8.564\\times10^{ -31 } & 1.709\\times10^{ -11 } & -3.115\\times10^{ -33 } & -8.525\\times10^{ -31 } & 2.258\\times10^{ -24 }\\\\2.680\\times10^{ -33 } & 4.827\\times10^{ -13 } & -5.429\\times10^{ -24 } & 1.307\\times10^{ -31 } & 3.208\\times10^{ -11 } & \\cdots & -4.459\\times10^{ -32 } & 6.126\\times10^{ -32 } & -2.296\\times10^{ -32 } & -5.475\\times10^{ -32 } & 4.492\\times10^{ -35 }\\\\\\vdots & \\vdots & \\vdots & \\vdots & \\vdots & \\ddots & \\vdots & \\vdots & \\vdots & \\vdots & \\vdots\\\\-3.421\\times10^{ -36 } & -6.472\\times10^{ -32 } & 2.424\\times10^{ -32 } & -8.564\\times10^{ -31 } & -4.459\\times10^{ -32 } & \\cdots & 2.783\\times10^{ -10 } & -1.329\\times10^{ -31 } & -1.617\\times10^{ -14 } & 1.429\\times10^{ -12 } & 8.454\\times10^{ -25 }\\\\1.235\\times10^{ -32 } & 1.456\\times10^{ -31 } & -1.018\\times10^{ -33 } & 1.709\\times10^{ -11 } & 6.126\\times10^{ -32 } & \\cdots & -1.329\\times10^{ -31 } & 1.347\\times10^{ -10 } & 1.411\\times10^{ -33 } & 6.194\\times10^{ -31 } & 1.219\\times10^{ -25 }\\\\-1.281\\times10^{ -32 } & 2.982\\times10^{ -32 } & 9.417\\times10^{ -32 } & -3.115\\times10^{ -33 } & -2.296\\times10^{ -32 } & \\cdots & -1.617\\times10^{ -14 } & 1.411\\times10^{ -33 } & 2.908\\times10^{ -10 } & -3.169\\times10^{ -14 } & 1.199\\times10^{ -29 }\\\\-4.714\\times10^{ -36 } & -9.412\\times10^{ -32 } & 4.315\\times10^{ -33 } & -8.525\\times10^{ -31 } & -5.475\\times10^{ -32 } & \\cdots & 1.429\\times10^{ -12 } & 6.194\\times10^{ -31 } & -3.169\\times10^{ -14 } & 2.912\\times10^{ -10 } & -2.198\\times10^{ -30 }\\\\2.236\\times10^{ -37 } & -5.079\\times10^{ -35 } & 2.192\\times10^{ -32 } & 2.258\\times10^{ -24 } & 4.492\\times10^{ -35 } & \\cdots & 8.454\\times10^{ -25 } & 1.219\\times10^{ -25 } & 1.199\\times10^{ -29 } & -2.198\\times10^{ -30 } & 1.000\\end{array}\\right)$$"
      ],
      "text/plain": [
       "Quantum object: dims=[[2, 2, 2, 2], [2, 2, 2, 2]], shape=(16, 16), type='oper', dtype=Dense, isherm=True\n",
       "Qobj data =\n",
       "[[ 2.14781513e-11+0.00000000e+00j -5.29300942e-34+2.95671464e-31j\n",
       "  -3.05718687e-31-7.87704135e-33j -8.52088357e-33-6.05886848e-31j\n",
       "   2.68007267e-33-3.47063319e-30j -3.59723108e-32+4.66547037e-32j\n",
       "  -2.14183718e-33+2.82307931e-31j -2.76629089e-34-6.47893287e-36j\n",
       "   1.64721931e-31-4.32168064e-33j -1.32635146e-32-8.58612852e-32j\n",
       "  -4.43345746e-32+4.49091223e-34j -3.42121096e-36-1.19940161e-32j\n",
       "   1.23503517e-32-1.20561346e-30j -1.28144973e-32-1.45610476e-35j\n",
       "  -4.71421829e-36-1.04017266e-32j  2.23646655e-37-1.54764852e-33j]\n",
       " [-5.29300942e-34-2.95671464e-31j  3.57357713e-11+0.00000000e+00j\n",
       "  -7.88317605e-24+2.41300536e-12j -1.40811504e-30-2.23081321e-32j\n",
       "   4.82674319e-13-3.96716514e-25j  7.47995777e-33-7.85210048e-30j\n",
       "   4.93109074e-31+1.98922167e-33j  2.96653946e-32+2.21197994e-32j\n",
       "   2.10617014e-24+2.02546364e-12j  4.14463235e-31-3.98376329e-33j\n",
       "  -3.81587166e-34+2.12246909e-30j -6.47239775e-32+1.18978502e-31j\n",
       "   1.45603912e-31-3.75633392e-34j  2.98166414e-32-2.62472064e-30j\n",
       "  -9.41171299e-32+8.72031853e-32j -5.07902254e-35+1.75666675e-31j]\n",
       " [-3.05718687e-31+7.87704135e-33j -7.88317605e-24-2.41300536e-12j\n",
       "   3.59736581e-11+0.00000000e+00j  5.98816059e-34+1.61316110e-30j\n",
       "  -5.42909198e-24+4.71751554e-12j -5.45450854e-31+1.49580375e-33j\n",
       "   4.42847868e-33-6.42827199e-30j  1.03748988e-31-1.57796758e-33j\n",
       "  -6.88294371e-13+8.59978319e-25j  1.09972265e-35-1.30979520e-30j\n",
       "   6.69017242e-32-1.00507075e-32j  2.42416936e-32+4.88733977e-33j\n",
       "  -1.01849761e-33+1.73694026e-30j  9.41728911e-32-1.46087480e-31j\n",
       "   4.31532675e-33-2.62928672e-30j  2.19231962e-32+7.83005821e-35j]\n",
       " [-8.52088357e-33+6.05886848e-31j -1.40811504e-30+2.23081321e-32j\n",
       "   5.98816059e-34-1.61316110e-30j  1.46817168e-10+0.00000000e+00j\n",
       "   1.30652380e-31+7.90617153e-34j -4.80156640e-24+2.29607332e-11j\n",
       "  -2.34448245e-11-1.12695795e-24j  2.29004061e-32-2.71884797e-29j\n",
       "  -3.51207845e-34+4.98862093e-32j -2.36791266e-11+4.21898622e-24j\n",
       "  -4.57917007e-24-4.23498893e-12j -8.56445439e-31-3.40878301e-32j\n",
       "   1.70886133e-11+4.45194053e-25j -3.11544219e-33+2.58402372e-31j\n",
       "  -8.52457302e-31-1.49135663e-33j  2.25840608e-24-8.67226830e-21j]\n",
       " [ 2.68007267e-33+3.47063319e-30j  4.82674319e-13+3.96716514e-25j\n",
       "  -5.42909198e-24-4.71751554e-12j  1.30652380e-31-7.90617153e-34j\n",
       "   3.20753591e-11+0.00000000e+00j  3.05642439e-35+6.44696520e-31j\n",
       "  -3.59017506e-31+6.65617478e-33j -1.96436466e-32-1.21582079e-30j\n",
       "  -8.14754045e-24+2.29414189e-12j -1.14654789e-31+1.37811776e-33j\n",
       "  -5.29609682e-34-1.33651771e-31j -4.45919868e-32+2.48081981e-32j\n",
       "   6.12572721e-32+1.99162811e-33j -2.29566511e-32-3.41899144e-33j\n",
       "  -5.47478271e-32+3.65547902e-32j  4.49155633e-35-2.93826340e-31j]\n",
       " [-3.59723108e-32-4.66547037e-32j  7.47995777e-33+7.85210048e-30j\n",
       "  -5.45450854e-31-1.49580375e-33j -4.80156640e-24-2.29607332e-11j\n",
       "   3.05642439e-35-6.44696520e-31j  8.69123386e-11+0.00000000e+00j\n",
       "  -9.58555237e-24+5.67540048e-12j -1.56071278e-30+2.44345365e-32j\n",
       "  -8.62387173e-32-5.16789630e-34j -1.24393642e-23+5.54498375e-12j\n",
       "  -2.76779713e-11+9.34773769e-26j -2.05257721e-33+9.10893831e-31j\n",
       "  -4.74003121e-24+1.93960742e-12j  1.63695797e-31+1.02953099e-32j\n",
       "   7.98129343e-34+3.95512538e-31j -3.81226446e-27+6.93782686e-24j]\n",
       " [-2.14183718e-33-2.82307931e-31j  4.93109074e-31-1.98922167e-33j\n",
       "   4.42847868e-33+6.42827199e-30j -2.34448245e-11+1.12695795e-24j\n",
       "  -3.59017506e-31-6.65617478e-33j -9.58555237e-24-5.67540048e-12j\n",
       "   6.35507424e-11+0.00000000e+00j  1.41025084e-33+2.00216930e-30j\n",
       "   3.06547545e-34-3.20857788e-32j  1.69975869e-11+1.55973860e-25j\n",
       "  -1.23390626e-23+6.48290563e-13j  1.22241642e-31+4.34232321e-34j\n",
       "  -2.26277540e-11-4.39311606e-24j  8.24767021e-34-1.01883448e-30j\n",
       "   3.67861257e-32+3.87054404e-33j  6.37707338e-30-8.27412890e-27j]\n",
       " [-2.76629089e-34+6.47893287e-36j  2.96653946e-32-2.21197994e-32j\n",
       "   1.03748988e-31+1.57796758e-33j  2.29004061e-32+2.71884797e-29j\n",
       "  -1.96436466e-32+1.21582079e-30j -1.56071278e-30-2.44345365e-32j\n",
       "   1.41025084e-33-2.00216930e-30j  2.74953748e-10+0.00000000e+00j\n",
       "   4.45006648e-32-9.58474065e-32j  1.03151433e-33-1.47963395e-30j\n",
       "   2.62376857e-31+4.01670159e-33j -3.51108784e-14-1.12270096e-11j\n",
       "   1.59208853e-34+1.20003957e-30j -2.61426471e-12-7.65875276e-15j\n",
       "   1.61717749e-14-1.11898640e-11j -4.02922618e-27+5.13835307e-24j]\n",
       " [ 1.64721931e-31+4.32168064e-33j  2.10617014e-24-2.02546364e-12j\n",
       "  -6.88294371e-13-8.59978319e-25j -3.51207845e-34-4.98862093e-32j\n",
       "  -8.14754045e-24-2.29414189e-12j -8.62387173e-32+5.16789630e-34j\n",
       "   3.06547545e-34+3.20857788e-32j  4.45006648e-32+9.58474065e-32j\n",
       "   3.15589218e-11+0.00000000e+00j -7.43390424e-35+5.79298137e-31j\n",
       "   6.14256309e-32-7.37193737e-33j -2.35688931e-33-1.22924751e-30j\n",
       "   1.01911133e-33-2.48799823e-30j  1.36312459e-32-1.57803936e-33j\n",
       "   3.70675606e-32-3.27216374e-33j  2.30190538e-34+1.56524094e-34j]\n",
       " [-1.32635146e-32+8.58612852e-32j  4.14463235e-31+3.98376329e-33j\n",
       "   1.09972265e-35+1.30979520e-30j -2.36791266e-11-4.21898622e-24j\n",
       "  -1.14654789e-31-1.37811776e-33j -1.24393642e-23-5.54498375e-12j\n",
       "   1.69975869e-11-1.55973860e-25j  1.03151433e-33+1.47963395e-30j\n",
       "  -7.43390424e-35-5.79298137e-31j  6.28317783e-11+0.00000000e+00j\n",
       "  -9.73808940e-24+7.45364057e-13j  2.82902975e-31-1.68383101e-32j\n",
       "  -2.28813366e-11+1.71469142e-24j  2.27086233e-33-3.74713539e-30j\n",
       "   2.55361222e-31+1.26663781e-33j  6.32371361e-30-8.27412768e-27j]\n",
       " [-4.43345746e-32-4.49091223e-34j -3.81587166e-34-2.12246909e-30j\n",
       "   6.69017242e-32+1.00507075e-32j -4.57917007e-24+4.23498893e-12j\n",
       "  -5.29609682e-34+1.33651771e-31j -2.76779713e-11-9.34773769e-26j\n",
       "  -1.23390626e-23-6.48290563e-13j  2.62376857e-31-4.01670159e-33j\n",
       "   6.14256309e-32+7.37193737e-33j -9.73808940e-24-7.45364057e-13j\n",
       "   8.53453169e-11+0.00000000e+00j  4.59122220e-34+3.10256961e-32j\n",
       "  -5.69823769e-24-9.95350496e-12j -1.44932597e-31-2.18869739e-33j\n",
       "   5.91554276e-34-3.69197711e-30j -1.08179678e-27+3.40496121e-24j]\n",
       " [-3.42121096e-36+1.19940161e-32j -6.47239775e-32-1.18978502e-31j\n",
       "   2.42416936e-32-4.88733977e-33j -8.56445439e-31+3.40878301e-32j\n",
       "  -4.45919868e-32-2.48081981e-32j -2.05257721e-33-9.10893831e-31j\n",
       "   1.22241642e-31-4.34232321e-34j -3.51108784e-14+1.12270096e-11j\n",
       "  -2.35688931e-33+1.22924751e-30j  2.82902975e-31+1.68383101e-32j\n",
       "   4.59122220e-34-3.10256961e-32j  2.78308448e-10+0.00000000e+00j\n",
       "  -1.32932701e-31-3.69847378e-33j -1.61717802e-14-2.33614837e-11j\n",
       "   1.42894896e-12-1.81543464e-15j  8.45407507e-25-1.62317036e-21j]\n",
       " [ 1.23503517e-32+1.20561346e-30j  1.45603912e-31+3.75633392e-34j\n",
       "  -1.01849761e-33-1.73694026e-30j  1.70886133e-11-4.45194053e-25j\n",
       "   6.12572721e-32-1.99162811e-33j -4.74003121e-24-1.93960742e-12j\n",
       "  -2.26277540e-11+4.39311606e-24j  1.59208853e-34-1.20003957e-30j\n",
       "   1.01911133e-33+2.48799823e-30j -2.28813366e-11-1.71469142e-24j\n",
       "  -5.69823769e-24+9.95350496e-12j -1.32932701e-31+3.69847378e-33j\n",
       "   1.34664728e-10+0.00000000e+00j  1.41105996e-33+2.44100148e-30j\n",
       "   6.19371111e-31-8.51825287e-33j  1.21922890e-25-4.25618534e-21j]\n",
       " [-1.28144973e-32+1.45610476e-35j  2.98166414e-32+2.62472064e-30j\n",
       "   9.41728911e-32+1.46087480e-31j -3.11544219e-33-2.58402372e-31j\n",
       "  -2.29566511e-32+3.41899144e-33j  1.63695797e-31-1.02953099e-32j\n",
       "   8.24767021e-34+1.01883448e-30j -2.61426471e-12+7.65875276e-15j\n",
       "   1.36312459e-32+1.57803936e-33j  2.27086233e-33+3.74713539e-30j\n",
       "  -1.44932597e-31+2.18869739e-33j -1.61717802e-14+2.33614837e-11j\n",
       "   1.41105996e-33-2.44100148e-30j  2.90792819e-10+0.00000000e+00j\n",
       "  -3.16875876e-14-1.16552993e-11j  1.19941635e-29-2.37726015e-23j]\n",
       " [-4.71421829e-36+1.04017266e-32j -9.41171299e-32-8.72031853e-32j\n",
       "   4.31532675e-33+2.62928672e-30j -8.52457302e-31+1.49135663e-33j\n",
       "  -5.47478271e-32-3.65547902e-32j  7.98129343e-34-3.95512538e-31j\n",
       "   3.67861257e-32-3.87054404e-33j  1.61717749e-14+1.11898640e-11j\n",
       "   3.70675606e-32+3.27216374e-33j  2.55361222e-31-1.26663781e-33j\n",
       "   5.91554276e-34+3.69197711e-30j  1.42894896e-12+1.81543464e-15j\n",
       "   6.19371111e-31+8.51825287e-33j -3.16875876e-14+1.16552993e-11j\n",
       "   2.91181851e-10+0.00000000e+00j -2.19768893e-30+3.80324674e-26j]\n",
       " [ 2.23646655e-37+1.54764852e-33j -5.07902254e-35-1.75666675e-31j\n",
       "   2.19231962e-32-7.83005821e-35j  2.25840608e-24+8.67226830e-21j\n",
       "   4.49155633e-35+2.93826340e-31j -3.81226446e-27-6.93782686e-24j\n",
       "   6.37707338e-30+8.27412890e-27j -4.02922618e-27-5.13835307e-24j\n",
       "   2.30190538e-34-1.56524094e-34j  6.32371361e-30+8.27412768e-27j\n",
       "  -1.08179678e-27-3.40496121e-24j  8.45407507e-25+1.62317036e-21j\n",
       "   1.21922890e-25+4.25618534e-21j  1.19941635e-29+2.37726015e-23j\n",
       "  -2.19768893e-30-3.80324674e-26j  9.99999998e-01+0.00000000e+00j]]"
      ]
     },
     "execution_count": 16,
     "metadata": {},
     "output_type": "execute_result"
    }
   ],
   "source": [
    "rho_fin_arr[0][0]"
   ]
  },
  {
   "cell_type": "code",
   "execution_count": 17,
   "metadata": {},
   "outputs": [],
   "source": [
    "reduced_dm_list = []\n",
    "\n",
    "for i in range(len(betalist1)):\n",
    "    list2 = []\n",
    "    for j in range(len(betalist2)):\n",
    "        reduced_dm = ptrace(rho_fin_arr[i][j],[2,3])\n",
    "        list2.append(reduced_dm)\n",
    "    reduced_dm_list.append(list2)"
   ]
  },
  {
   "cell_type": "code",
   "execution_count": 18,
   "metadata": {},
   "outputs": [],
   "source": [
    "def concurrence2(rho):\n",
    "    if rho.type == 'ket':\n",
    "        rho = ket2dm(rho)\n",
    "    if rho.type != 'oper':\n",
    "        raise TypeError(\"Input must be a density matrix or ket\")\n",
    "    \n",
    "    rho_tilde = tensor(sigmay(),sigmay())*(rho.conj())*tensor(sigmay(),sigmay())\n",
    "    R = (rho.sqrtm()*rho_tilde*rho.sqrtm()).sqrtm()\n",
    "    evals = R.eigenenergies()\n",
    "    evals = np.sort(np.real(evals))\n",
    "    print(evals) #testing\n",
    "    val = evals[-1] - evals[-2] - evals[-3] - evals[-4]\n",
    "    return np.max([0,val])"
   ]
  },
  {
   "cell_type": "code",
   "execution_count": 19,
   "metadata": {},
   "outputs": [
    {
     "name": "stdout",
     "output_type": "stream",
     "text": [
      "[0.0023089  0.00621897 0.00763174 0.98384038]\n",
      "[0.0062507  0.00759301 0.04766122 0.04766122]\n",
      "0.0\n"
     ]
    }
   ],
   "source": [
    "###test concurrence2\n",
    "test_rho = reduced_dm_list[0][2]\n",
    "\n",
    "print(test_rho.eigenenergies())\n",
    "\n",
    "print(concurrence2(test_rho))"
   ]
  },
  {
   "cell_type": "code",
   "execution_count": 20,
   "metadata": {},
   "outputs": [],
   "source": [
    "## Now we can calculate concurrence, purity, etc.\n",
    "\n",
    "Th_list = np.linspace(0.001,8,15)\n",
    "Tc_list = [0.001,0.18,0.20]  #Not using values zero exatcly because of numerical issues\n",
    "\n",
    "g= 1.6e-3  #Using values given in the paper\n",
    "\n",
    "def concurrence_plot(Th_list,Tc_list,reduced_dm_list):\n",
    "    for i in range(len(Tc_list)):\n",
    "        concurrence_list = []\n",
    "        for j in range(len(Th_list)):\n",
    "            concurrence_list.append(concurrence(reduced_dm_list[i][j]))\n",
    "            print(f'Concurrence Qutip for Tc = {Tc_list[i]} and Th = {round(Th_list[j],2)}: ',concurrence(reduced_dm_list[i][j]))\n",
    "            concurrence2(reduced_dm_list[i][j])\n",
    "        plt.plot(Th_list,concurrence_list,label='Tc/E = '+str(Tc_list[i]))\n",
    "\n",
    "    plt.xlabel('Thermal bath temperature (T_h/E)')\n",
    "    plt.ylabel('Concurrence')\n",
    "    plt.title(f'Concurrence vs Th for different Tc at g = {g}, pc = {p_c}, ph = {p_h}')\n",
    "    plt.legend()\n"
   ]
  },
  {
   "cell_type": "code",
   "execution_count": 21,
   "metadata": {},
   "outputs": [
    {
     "name": "stdout",
     "output_type": "stream",
     "text": [
      "Concurrence Qutip for Tc = 0.001 and Th = 0.0:  0\n",
      "[4.73340395e-10 4.78983809e-10 1.48248831e-05 1.48248831e-05]\n",
      "Concurrence Qutip for Tc = 0.001 and Th = 0.57:  0\n",
      "[0.01339557 0.01621323 0.06809704 0.06809704]\n",
      "Concurrence Qutip for Tc = 0.001 and Th = 1.14:  0\n",
      "[0.0062507  0.00759301 0.04766122 0.04766122]\n",
      "Concurrence Qutip for Tc = 0.001 and Th = 1.72:  0\n",
      "[0.06199784 0.07638597 0.14510249 0.14510249]\n",
      "Concurrence Qutip for Tc = 0.001 and Th = 2.29:  0\n",
      "[0.03105249 0.03796905 0.10505013 0.10505013]\n",
      "Concurrence Qutip for Tc = 0.001 and Th = 2.86:  0\n",
      "[0.04127546 0.05064354 0.12072152 0.12072152]\n",
      "Concurrence Qutip for Tc = 0.001 and Th = 3.43:  0\n",
      "[0.06805773 0.08434163 0.153449   0.153449  ]\n",
      "Concurrence Qutip for Tc = 0.001 and Th = 4.0:  0\n",
      "[0.05299846 0.0653292  0.13644327 0.13644327]\n",
      "Concurrence Qutip for Tc = 0.001 and Th = 4.57:  0\n",
      "[0.07590531 0.09446492 0.1620127  0.1620127 ]\n",
      "Concurrence Qutip for Tc = 0.001 and Th = 5.14:  0\n",
      "[0.07540762 0.09385164 0.16166259 0.16166259]\n",
      "Concurrence Qutip for Tc = 0.001 and Th = 5.71:  0\n",
      "[0.07600673 0.09464491 0.16238949 0.16238949]\n",
      "Concurrence Qutip for Tc = 0.001 and Th = 6.29:  0\n",
      "[0.07731863 0.0963556  0.16381052 0.16381052]\n",
      "Concurrence Qutip for Tc = 0.001 and Th = 6.86:  0\n",
      "[0.07822637 0.0975438  0.16480339 0.16480339]\n",
      "Concurrence Qutip for Tc = 0.001 and Th = 7.43:  0\n",
      "[0.07860831 0.09805119 0.16525414 0.16525414]\n",
      "Concurrence Qutip for Tc = 0.001 and Th = 8.0:  0\n",
      "[0.07891888 0.09846447 0.16562346 0.16562346]\n",
      "Concurrence Qutip for Tc = 0.18 and Th = 0.0:  0\n",
      "[0.00277683 0.0028212  0.02111071 0.02111071]\n",
      "Concurrence Qutip for Tc = 0.18 and Th = 0.57:  0\n",
      "[0.04879771 0.04980359 0.04980359 0.05104101]\n",
      "Concurrence Qutip for Tc = 0.18 and Th = 1.14:  0\n",
      "[0.03081212 0.03138836 0.03138836 0.03213429]\n",
      "Concurrence Qutip for Tc = 0.18 and Th = 1.72:  0\n",
      "[0.15722485 0.16128755 0.16128755 0.16614755]\n",
      "Concurrence Qutip for Tc = 0.18 and Th = 2.29:  0\n",
      "[0.10843908 0.11088961 0.11088961 0.11401317]\n",
      "Concurrence Qutip for Tc = 0.18 and Th = 2.86:  0\n",
      "[0.13164091 0.13476709 0.13476709 0.13870638]\n",
      "Concurrence Qutip for Tc = 0.18 and Th = 3.43:  0\n",
      "[0.17393633 0.17857049 0.17857049 0.18419794]\n",
      "Concurrence Qutip for Tc = 0.18 and Th = 4.0:  0\n",
      "[0.1543685  0.15823465 0.15823465 0.1630515 ]\n",
      "Concurrence Qutip for Tc = 0.18 and Th = 4.57:  0\n",
      "[0.18494498 0.19003884 0.19003884 0.19619098]\n",
      "Concurrence Qutip for Tc = 0.18 and Th = 5.14:  0\n",
      "[0.1851684  0.19026296 0.19026296 0.19643325]\n",
      "Concurrence Qutip for Tc = 0.18 and Th = 5.71:  0\n",
      "[0.18639401 0.19153818 0.19153818 0.19777338]\n",
      "Concurrence Qutip for Tc = 0.18 and Th = 6.29:  0\n",
      "[0.18824775 0.19347339 0.19347339 0.19980405]\n",
      "Concurrence Qutip for Tc = 0.18 and Th = 6.86:  0\n",
      "[0.18958149 0.19486669 0.19486669 0.20126657]\n",
      "Concurrence Qutip for Tc = 0.18 and Th = 7.43:  0\n",
      "[0.19030684 0.19562241 0.19562241 0.20206257]\n",
      "Concurrence Qutip for Tc = 0.18 and Th = 8.0:  0\n",
      "[0.19090859 0.19624969 0.19624969 0.20272315]\n",
      "Concurrence Qutip for Tc = 0.2 and Th = 0.0:  0\n",
      "[0.00583611 0.00591772 0.02302608 0.02302608]\n",
      "Concurrence Qutip for Tc = 0.2 and Th = 0.57:  0\n",
      "[0.0275492  0.02871731 0.02871731 0.03018425]\n",
      "Concurrence Qutip for Tc = 0.2 and Th = 1.14:  0\n",
      "[0.01721939 0.01781228 0.01781228 0.01854202]\n",
      "Concurrence Qutip for Tc = 0.2 and Th = 1.72:  0\n",
      "[0.10052683 0.10624482 0.10624482 0.11360995]\n",
      "Concurrence Qutip for Tc = 0.2 and Th = 2.29:  0\n",
      "[0.05737799 0.06023123 0.06023123 0.0639949 ]\n",
      "Concurrence Qutip for Tc = 0.2 and Th = 2.86:  0\n",
      "[0.07312717 0.07694709 0.07694709 0.081992  ]\n",
      "Concurrence Qutip for Tc = 0.2 and Th = 3.43:  0\n",
      "[0.11123855 0.11768387 0.11768387 0.12608566]\n",
      "Concurrence Qutip for Tc = 0.2 and Th = 4.0:  0\n",
      "[0.09072771 0.09569483 0.09569483 0.10224689]\n",
      "Concurrence Qutip for Tc = 0.2 and Th = 4.57:  0\n",
      "[0.12223455 0.12951651 0.12951651 0.13898813]\n",
      "Concurrence Qutip for Tc = 0.2 and Th = 5.14:  0\n",
      "[0.1218283  0.12907066 0.12907066 0.13850867]\n",
